Player, Age, Pos, WAR, G, PA, AB, R, H, 2B, 3B, HR, RBI, SB, CS, BB, SO, BA, OBP, SLG, OPS, OPS+, rOBA, Rbat+, TB, GIDP, HBP, SH, SF, IBB, Pos, Awards
Gabriel Moreno,25,C,1.1,68,243,223,40,63,11,1,8,33,1,1,18,42,.283,.337,.448,.786,115,.338,111,100,4,1,0,1,1,2/HD,
Josh Naylor*,28,1B,0.8,93,394,349,49,102,19,1,11,59,11,2,37,49,.292,.360,.447,.807,121,.357,120,156,14,2,0,4,4,3D/H,
Ketel Marte#,31,2B,4.1,112,492,420,79,119,22,0,25,64,4,2,63,74,.283,.384,.514,.898,146,.385,143,216,10,7,0,2,6,4D/H,AS
Geraldo Perdomo#,25,SS,5.7,145,643,535,89,151,27,4,17,91,24,5,85,73,.282,.381,.443,.824,127,.371,130,237,10,7,5,11,1,*6/H,
Eugenio Suárez,33,3B,3.2,106,437,387,64,96,19,0,36,87,1,0,29,117,.248,.320,.576,.897,141,.386,144,223,7,15,0,6,1,*5/DH3,AS
Lourdes Gurriel Jr.,31,LF,0.2,129,546,500,52,124,24,2,19,80,10,4,31,76,.248,.295,.418,.713,94,.314,93,209,11,6,0,9,0,*7D/H,
Alek Thomas*,25,CF,-0.1,128,422,390,47,96,16,3,8,35,6,4,19,112,.246,.288,.364,.652,79,.289,76,142,2,5,5,3,0,*8/HD,
Corbin Carroll*,24,RF,4.8,129,576,513,98,131,29,16,30,74,26,5,53,140,.255,.332,.550,.881,138,.380,135,282,6,7,0,3,1,*9/8DH,AS
Pavin Smith*,29,DH,0.4,87,288,244,36,63,17,1,8,28,2,2,41,92,.258,.362,.434,.797,119,.351,120,106,7,0,0,2,1,D3H,
Blaze Alexander,26,3B,2.0,59,207,179,25,43,10,1,7,24,3,3,18,67,.240,.332,.425,.756,107,.336,111,76,5,7,2,1,0,54/H87D,
José Herrera#,28,C,-0.1,57,204,166,21,31,6,0,2,17,0,0,23,47,.187,.285,.259,.544,52,.254,48,43,2,1,11,3,0,2/1,
Randal Grichuk,33,DH,-0.4,70,188,175,25,42,15,1,7,22,0,1,10,39,.240,.277,.457,.734,98,.317,97,80,5,0,0,3,1,DH9/78,
Jake McCarthy*,27,OF,-0.5,53,177,164,14,33,4,4,3,18,6,0,10,34,.201,.250,.329,.579,59,.266,53,54,2,1,1,1,0,789/HD,
Tim Tawa,26,UT,0.4,60,176,158,22,33,7,0,6,14,7,2,13,48,.209,.269,.367,.636,74,.289,73,58,4,1,1,3,0,48H3/759,
Tyler Locklear,24,1B,-1.1,31,116,103,11,18,0,0,3,6,3,1,10,43,.175,.267,.262,.529,47,.248,45,27,3,3,0,0,0,3/H,
James McCann,35,C,0.6,34,105,93,14,23,4,0,3,9,0,0,8,24,.247,.324,.387,.711,96,.322,98,36,1,3,0,1,0,2/H3,
Adrian Del Castillo*,25,DH,-0.3,33,103,97,6,24,5,0,2,12,0,0,4,37,.247,.282,.361,.642,76,.282,70,35,2,1,0,1,0,D/H2,
Ildemaro Vargas#,33,IF,0.2,25,74,72,8,18,2,1,3,15,0,0,0,12,.250,.257,.431,.687,85,.291,76,31,2,1,0,1,0,/4HD536,
Jorge Barrosa#,24,OF,-0.6,20,51,48,4,6,3,0,0,5,0,0,0,14,.125,.137,.188,.325,-11,.139,-31,9,1,1,0,2,0,7/8H9D,
Jordan Lawlar,22,IF,-0.6,16,47,43,4,5,3,0,0,3,2,0,3,18,.116,.170,.186,.356,-1,.173,-13,8,0,0,0,1,0,/54HD6,
Garrett Hampson,30,UT,0.1,18,41,30,10,5,0,0,0,0,2,1,9,10,.167,.359,.167,.526,52,.269,60,5,0,0,2,0,0,4/H6857,
Tristin English,28,1B,-0.2,7,23,22,0,2,1,0,0,1,0,0,1,8,.091,.130,.136,.267,-26,.124,-41,3,0,0,0,0,0,/3,
Connor Kaiser,28,2B,-0.3,6,16,15,0,2,1,0,0,2,0,0,1,2,.133,.188,.200,.388,7,.178,-3,3,1,0,0,0,0,/4H,
Aramis Garcia,32,C,-0.1,2,4,4,0,0,0,0,0,0,0,0,0,3,.000,.000,.000,.000,-100,.000,-128,0,0,0,0,0,0,/2,
Ryne Nelson,27,P,0.1,1,1,1,1,1,0,0,0,1,0,0,0,0,1.000,1.000,1.000,2.000,456,.903,500,1,0,0,0,0,0,1/H,
Ryan Thompson,33,P,0.0,1,0,0,0,0,0,0,0,0,0,0,0,0,,,,,,,,0,0,0,0,0,0,1,
Justin Martínez,23,P,0.0,2,0,0,0,0,0,0,0,0,0,0,0,0,,,,,,,,0,0,0,0,0,0,1,
Andrew Saalfrank*,27,P,0.0,1,0,0,0,0,0,0,0,0,0,0,0,0,,,,,,,,0,0,0,0,0,0,1,
A.J. Puk*,30,P,0.0,2,0,0,0,0,0,0,0,0,0,0,0,0,,,,,,,,0,0,0,0,0,0,/1,
Juan Morillo,26,P,0.0,1,0,0,0,0,0,0,0,0,0,0,0,0,,,,,,,,0,0,0,0,0,0,1,
Shelby Miller,34,P,0.0,2,0,0,0,0,0,0,0,0,0,0,0,0,,,,,,,,0,0,0,0,0,0,1,
Joe Mantiply,34,P,0.0,1,0,0,0,0,0,0,0,0,0,0,0,0,,,,,,,,0,0,0,0,0,0,1,
Drey Jameson,27,P,0.0,1,0,0,0,0,0,0,0,0,0,0,0,0,,,,,,,,0,0,0,0,0,0,/1,
Kyle Backhus*,27,P,0.0,1,0,0,0,0,0,0,0,0,0,0,0,0,,,,,,,,0,0,0,0,0,0,1,
Sean Murphy,30,C,2.0,94,337,291,34,58,13,0,16,45,0,0,35,105,.199,.300,.409,.709,98,.315,98,119,9,8,0,3,1,2H/D,
Matt Olson*,31,1B,5.1,145,646,556,82,150,36,1,23,80,1,0,83,161,.270,.365,.462,.828,132,.361,131,257,12,3,0,4,2,*3,AS
Ozzie Albies#,28,2B,2.3,145,614,557,68,134,21,2,16,65,14,3,50,92,.241,.306,.372,.678,90,.311,94,207,8,4,0,3,2,*4,
Nick Allen,26,SS,0.7,129,406,362,31,80,10,0,0,21,8,6,30,98,.221,.284,.249,.533,52,.244,50,90,7,3,8,3,0,*6/H,
Austin Riley,28,3B,1.3,102,447,416,54,108,20,1,16,54,2,1,27,128,.260,.309,.428,.737,105,.322,103,178,9,3,0,1,1,*5,
Jurickson Profar#,32,LF,1.0,63,291,253,47,65,14,1,13,39,8,1,35,45,.257,.354,.474,.828,131,.372,135,120,3,3,0,0,0,7/D,
Michael Harris II*,24,CF,1.3,143,575,547,48,133,22,6,17,79,16,6,14,116,.243,.263,.399,.661,83,.287,78,218,7,3,4,7,1,*8/H,
Ronald Acuña Jr.,27,RF,1.9,78,332,275,59,76,12,1,15,32,6,1,55,86,.276,.401,.491,.892,150,.388,149,135,2,2,0,0,4,9/DH,AS
Marcell Ozuna,34,DH,1.5,130,533,435,55,98,15,0,20,62,0,0,87,127,.225,.353,.398,.751,112,.341,117,173,9,3,0,7,2,*D/H,
Drake Baldwin*,24,C,2.4,108,378,341,45,93,13,0,15,64,0,0,34,59,.273,.344,.443,.787,120,.353,125,151,7,3,0,0,0,2HD,
Eli White,31,OF,0.7,97,260,245,40,57,8,3,8,31,9,1,11,66,.233,.270,.388,.658,83,.302,85,95,2,2,1,1,1,97H/D83,
Alex Verdugo*,29,LF,-0.2,56,213,197,21,47,10,0,0,12,1,0,14,31,.239,.296,.289,.585,66,.269,66,57,1,2,0,0,0,7/H,
Nacho Alvarez Jr.,22,3B,0.9,42,156,139,14,34,11,0,0,9,0,0,10,37,.245,.318,.324,.642,82,.291,82,45,1,5,2,0,0,5/H,
Jarred Kelenic*,25,RF,-0.5,24,65,60,7,10,2,0,2,2,0,1,5,23,.167,.231,.300,.531,48,.230,44,18,1,0,0,0,0,9/H7D,
Stuart Fairchild,29,OF,-0.3,28,55,51,7,11,4,1,0,2,2,1,4,15,.216,.273,.333,.606,70,.282,76,17,2,0,0,0,0,9H/D78,
Bryan De La Cruz,28,LF,-0.3,16,50,47,1,9,1,0,0,0,1,0,3,18,.191,.240,.213,.453,29,.232,37,10,1,0,0,0,0,7/H9D,
Vidal Bruján#,27,UT,0.3,18,36,31,6,7,1,0,0,3,0,0,4,6,.226,.333,.258,.591,70,.278,72,8,0,1,0,0,0,6/H915,
Luke Williams,28,IF,-0.4,38,33,30,5,4,2,0,0,5,5,0,1,9,.133,.182,.200,.382,8,.211,0,6,2,1,0,1,0,6H/1D5,
Orlando Arcia,30,SS,-0.1,14,32,31,1,6,1,0,0,1,0,0,1,8,.194,.219,.226,.445,26,.230,39,7,0,0,0,0,0,6/DH,
Ha-Seong Kim,29,SS,0.3,7,27,24,2,6,0,0,1,4,0,0,1,4,.250,.296,.375,.671,88,.291,82,9,0,1,0,1,0,/6,
Jake Fraley*,30,OF,0.0,9,24,23,2,7,1,0,0,0,0,1,1,8,.304,.333,.348,.681,93,.319,117,8,0,0,0,0,0,/9H7D,
Chadwick Tromp,30,C,0.0,2,6,5,0,0,0,0,0,0,0,0,1,2,.000,.167,.000,.167,-47,.116,-41,0,1,0,0,0,0,/2,
Jonathan Ornelas,25,IF,0.1,2,4,4,1,2,0,0,0,0,0,0,0,0,.500,.500,.500,1.000,184,.403,160,2,0,0,0,0,0,/65,
Eddie Rosario*,33,RF,0.0,3,4,4,1,0,0,0,0,0,0,0,0,2,.000,.000,.000,.000,-100,.000,-121,0,0,0,0,0,0,/H9,
Sandy León#,36,C,0.0,2,1,1,0,0,0,0,0,0,0,0,0,1,.000,.000,.000,.000,-100,.000,-117,0,0,0,0,0,0,/2,
José Azócar,29,DH,0.0,2,1,1,0,0,0,0,0,0,0,0,0,0,.000,.000,.000,.000,-100,.000,-117,0,0,0,0,0,0,/H9D,
Adley Rutschman#,27,C,1.8,85,348,308,37,70,16,1,9,29,0,0,37,55,.227,.310,.373,.684,91,.301,90,115,7,1,0,2,0,2D/H,
Coby Mayo,23,1B,-0.6,68,236,214,21,40,10,0,7,21,2,0,20,69,.187,.263,.332,.594,66,.264,62,71,2,2,0,0,0,3/DH5,
Jackson Holliday*,21,2B,1.2,134,584,529,66,132,20,3,17,53,15,10,48,127,.250,.318,.395,.714,99,.314,101,209,4,6,0,1,1,*4/6DH,
Gunnar Henderson*,24,SS,4.6,136,575,511,80,139,30,5,16,61,22,4,53,125,.272,.346,.444,.790,120,.348,120,227,7,7,0,4,5,*6/DH,
Ramón Urías,31,3B,1.3,77,290,258,27,64,12,0,8,34,2,0,21,60,.248,.300,.388,.688,91,.301,89,100,5,2,0,9,0,5/H3D4,
Colton Cowser*,25,LF,0.9,76,302,277,29,57,12,0,13,34,9,0,19,104,.206,.272,.390,.661,83,.292,78,108,4,6,0,0,1,78/9HD,
Cedric Mullins*,30,CF,-0.1,91,355,314,42,72,19,0,15,49,14,4,34,85,.229,.305,.433,.738,104,.320,101,136,2,2,1,4,0,8/DH,
Ramón Laureano,30,RF,2.8,82,290,259,45,75,17,0,15,46,4,3,22,72,.290,.355,.529,.884,144,.373,144,137,6,6,0,3,1,97/DH8,
"Ryan O'Hearn*",31,DH,1.9,94,361,311,45,88,15,1,13,43,3,1,42,63,.283,.374,.463,.837,134,.362,134,144,10,5,0,3,3,3D9/H7,AS
Ryan Mountcastle,28,1B,0.2,79,316,293,31,76,18,0,5,31,3,0,14,83,.259,.297,.372,.669,87,.310,95,109,9,4,0,5,0,3D/H,
Jordan Westburg,26,3B,1.6,73,304,283,53,78,9,1,15,34,1,2,15,66,.276,.326,.473,.799,121,.346,124,134,4,6,0,0,0,54D,
Dylan Carlson#,26,LF,-0.6,73,220,198,16,41,8,1,6,20,3,3,19,50,.207,.282,.348,.630,76,.277,75,69,3,2,0,1,0,798/H,
Heston Kjerstad*,26,OF,-1.7,54,167,156,16,30,5,2,4,19,1,0,6,45,.192,.240,.327,.566,57,.253,54,51,9,4,0,1,0,79/HD,
"Tyler O'Neill",30,RF,0.0,43,164,143,20,30,6,1,8,23,2,0,15,40,.210,.293,.434,.726,100,.315,98,62,2,3,0,3,1,9/DH7,
Jeremiah Jackson,25,RF,0.6,33,127,121,16,38,6,2,5,18,0,2,5,30,.314,.346,.521,.867,139,.363,141,63,4,1,0,0,0,9/5DH,
Emmanuel Rivera,29,3B,0.4,36,115,108,5,28,4,0,0,12,1,0,6,21,.259,.304,.296,.601,70,.281,74,32,3,1,0,0,0,5/3HD1,
Gary Sánchez,32,C,-0.4,29,101,91,13,21,2,0,5,24,0,0,4,27,.231,.297,.418,.715,98,.308,95,38,2,5,0,1,0,2/D1H,
Alex Jackson,29,C,0.7,31,83,77,17,18,8,0,5,8,0,0,2,29,.234,.289,.532,.822,124,.343,120,41,2,4,0,0,0,2/H1D,
Dylan Beavers*,23,OF,0.8,19,72,56,10,16,4,0,1,6,1,0,15,21,.286,.437,.411,.847,141,.393,155,23,0,0,1,0,0,79/H,
Jorge Mateo,30,UT,-0.5,35,69,65,8,12,3,0,1,3,14,2,4,24,.185,.232,.277,.509,42,.260,36,18,1,0,0,0,0,H6/84D517,
Samuel Basallo*,20,UT,0.3,17,65,59,4,12,4,0,2,10,0,0,5,14,.203,.277,.373,.650,80,.284,78,22,2,1,0,0,0,2/DH3,
Luis Vázquez,25,IF,-0.4,29,50,47,6,8,1,0,1,3,2,0,3,12,.170,.220,.255,.475,33,.219,23,12,0,0,0,0,0,65/H143D,
Maverick Handley,27,C,-0.9,16,47,41,2,3,0,0,0,3,0,0,2,18,.073,.133,.073,.207,-39,.104,-60,3,0,1,2,1,0,2/H,
Jacob Stallings,35,C,-0.4,14,36,35,1,4,1,0,0,3,0,0,1,9,.114,.139,.143,.282,-20,.152,-18,5,4,0,0,0,0,2/H,
Daniel Johnson*,29,OF,0.0,16,25,23,8,4,1,0,0,0,1,1,2,5,.174,.240,.217,.457,30,.233,48,5,0,0,0,0,0,/H978,
Chadwick Tromp,30,C,0.1,6,16,16,2,3,1,0,1,1,0,0,0,4,.188,.188,.438,.625,68,.315,100,7,0,0,0,0,0,/2,
Greg Allen#,32,OF,-0.4,7,14,14,1,0,0,0,0,0,0,1,0,5,.000,.000,.000,.000,-100,-0.035,-128,0,2,0,0,0,0,/87H,
Ryan Noda*,29,RF,0.0,7,14,13,0,2,0,0,0,1,1,0,1,6,.154,.214,.154,.368,6,.156,-39,2,0,0,0,0,1,/9HD,
Vimael Machín*,31,3B,0.1,4,12,11,1,1,0,0,1,1,0,0,1,2,.091,.167,.364,.530,43,.225,35,4,0,0,0,0,0,/5,
Jordyn Adams,25,OF,-0.1,10,5,5,1,0,0,0,0,0,0,0,0,2,.000,.000,.000,.000,-100,.000,-128,0,0,0,0,0,0,/89H,
David Bañuelos,28,DH,0.0,1,2,1,0,0,0,0,0,0,0,0,0,1,.000,.500,.000,.500,60,.358,130,0,0,1,0,0,0,/DH,
Cooper Hummel#,30,RF,0.0,1,1,1,0,0,0,0,0,0,0,0,0,1,.000,.000,.000,.000,-100,.000,-136,0,0,0,0,0,0,/9,
Vidal Bruján#,27,CF,0.1,1,1,1,0,1,0,0,0,0,0,0,0,0,1.000,1.000,1.000,2.000,466,.890,536,1,0,0,0,0,0,/8,
Terrin Vavra*,28,2B,0.0,1,1,1,0,0,0,0,0,0,0,0,0,0,.000,.000,.000,.000,-100,.000,-136,0,0,0,0,0,0,/4H,
Trevor Rogers*,27,P,0.0,1,2,2,0,0,0,0,0,0,0,0,0,2,.000,.000,.000,.000,-100,.000,-126,0,0,0,0,0,0,1,
Andrew Kittredge,35,P,0.0,2,0,0,0,0,0,0,0,0,0,0,0,0,,,,,,,,0,0,0,0,0,0,1,
Cionel Pérez,29,P,0.0,1,0,0,0,0,0,0,0,0,0,0,0,0,,,,,,,,0,0,0,0,0,0,1,
Dietrich Enns*,34,P,0.0,1,0,0,0,0,0,0,0,0,0,0,0,0,,,,,,,,0,0,0,0,0,0,1,
Seranthony Domínguez,30,P,0.0,2,0,0,0,0,0,0,0,0,0,0,0,0,,,,,,,,0,0,0,0,0,0,1,
Yennier Cano,31,P,0.0,1,0,0,0,0,0,0,0,0,0,0,0,0,,,,,,,,0,0,0,0,0,0,1,
Matt Bowman,34,P,0.0,1,0,0,0,0,0,0,0,0,0,0,0,0,,,,,,,,0,0,0,0,0,0,1,
Félix Bautista,30,P,0.0,1,0,0,0,0,0,0,0,0,0,0,0,0,,,,,,,,0,0,0,0,0,0,1,
Bryan Baker,30,P,0.0,1,0,0,0,0,0,0,0,0,0,0,0,0,,,,,,,,0,0,0,0,0,0,1,
Keegan Akin*,30,P,0.0,2,0,0,0,0,0,0,0,0,0,0,0,0,,,,,,,,0,0,0,0,0,0,1,
Carlos Narváez,26,C,2.9,105,401,361,49,91,25,0,13,44,1,1,36,98,.252,.320,.429,.749,105,.321,102,155,10,1,1,2,0,*2/HD,
Abraham Toro#,28,1B,-0.4,77,284,259,33,62,13,0,7,27,2,1,14,42,.239,.289,.371,.659,81,.299,86,96,1,6,0,5,1,35/H1,
Kristian Campbell,23,2B,-0.9,67,263,229,24,51,10,0,6,21,2,1,29,72,.223,.319,.345,.664,85,.300,86,79,1,4,0,1,0,4/8H7D,
Trevor Story,32,SS,3.8,142,587,547,83,144,26,0,24,90,28,0,31,161,.263,.311,.442,.753,106,.337,105,242,2,7,1,1,1,*6/HD,
Alex Bregman,31,3B,3.4,100,432,380,57,106,26,0,16,57,1,1,41,62,.279,.361,.474,.835,129,.363,132,180,10,9,0,2,2,*5/HD,AS
Jarren Duran*,28,LF,4.2,142,630,560,79,145,38,12,14,78,23,6,55,152,.259,.335,.445,.780,114,.348,119,249,6,11,1,3,1,*78/H9D,
Ceddanne Rafaela,24,CF,3.8,140,529,493,76,119,29,3,16,60,19,5,23,104,.241,.285,.410,.695,90,.301,84,202,7,8,3,2,0,*84/H,
Wilyer Abreu*,26,RF,3.1,108,395,352,52,89,16,0,22,69,6,3,39,93,.253,.325,.486,.811,121,.341,116,171,8,0,1,3,5,*9H/D,
Rafael Devers*,28,DH,2.2,73,334,272,47,74,18,0,15,58,1,1,56,76,.272,.401,.504,.905,149,.387,151,137,7,4,0,2,7,D,
Roman Anthony*,21,OF,3.1,71,303,257,48,75,18,1,8,32,4,1,40,84,.292,.396,.463,.859,138,.376,140,119,2,5,0,1,0,97D/H,
Romy González,28,IF,1.6,84,290,270,41,84,20,3,9,48,5,5,14,70,.311,.345,.507,.852,132,.368,139,137,4,2,0,4,1,34H/D5,
Rob Refsnyder,34,DH,1.1,61,183,160,27,45,11,0,8,27,3,0,20,47,.281,.361,.500,.861,135,.378,140,80,5,1,0,2,1,9DH7,
David Hamilton*,27,2B,1.0,83,173,158,25,32,4,1,4,16,20,5,11,40,.203,.259,.316,.575,59,.271,55,50,3,1,3,0,0,4H6/D5,
Connor Wong,29,C,-0.5,55,169,151,15,29,7,0,0,6,2,1,14,37,.192,.262,.238,.500,41,.243,45,36,7,1,1,2,0,2/H3D,
Masataka Yoshida*,31,DH,-0.3,40,145,133,9,32,8,0,2,16,2,0,7,21,.241,.290,.346,.636,75,.292,78,46,2,3,0,2,0,D/H7,
Marcelo Mayer*,22,3B,0.2,44,136,127,20,29,8,1,4,10,0,2,8,41,.228,.272,.402,.674,83,.288,83,51,2,0,0,1,0,5/4H6,
Triston Casas*,25,1B,-0.9,29,112,99,5,18,3,0,3,11,0,0,11,27,.182,.277,.303,.580,61,.263,59,30,3,2,0,0,2,3/H,
Nick Sogard#,27,UT,0.1,22,82,75,12,19,7,0,0,7,1,0,4,17,.253,.317,.347,.664,84,.295,81,26,3,3,0,0,0,3/549H6,
Nathaniel Lowe*,29,1B,0.5,18,61,53,9,15,3,1,2,9,0,0,7,14,.283,.361,.491,.851,133,.361,131,26,1,0,0,1,0,3/HD,
Nate Eaton,28,UT,-0.3,27,59,53,9,13,3,0,0,1,4,2,4,15,.245,.305,.302,.607,70,.281,73,16,0,1,0,1,0,5/978H1D,
Blake Sabol*,27,C,-0.2,8,18,16,2,2,1,0,0,1,0,0,1,7,.125,.167,.188,.354,-2,.156,-19,3,1,0,0,1,0,/2DH,
Jhostynxon García,22,OF,0.0,5,9,7,0,1,1,0,0,0,0,0,2,5,.143,.333,.286,.619,75,.290,79,2,0,0,0,0,0,/79DH,
Ali Sánchez,28,C,0.0,2,2,2,0,0,0,0,0,0,0,0,0,1,.000,.000,.000,.000,-100,.000,-130,0,0,0,0,0,0,/2H,
Aroldis Chapman*,37,P,0.0,2,0,0,0,0,0,0,0,0,0,0,0,0,,,,,,,,0,0,0,0,0,0,1,AS
Garrett Whitlock,29,P,0.0,1,0,0,0,0,0,0,0,0,0,0,0,0,,,,,,,,0,0,0,0,0,0,1,
Brennan Bernardino*,33,P,0.0,1,0,0,0,0,0,0,0,0,0,0,0,0,,,,,,,,0,0,0,0,0,0,1,
Carson Kelly,30,C,3.5,98,370,320,46,81,12,1,16,49,1,0,43,66,.253,.343,.447,.790,129,.349,131,143,11,3,0,4,0,2/HD,
Michael Busch*,27,1B,3.3,138,523,465,65,118,19,4,26,76,4,0,47,127,.254,.335,.480,.814,135,.359,138,223,1,10,0,1,1,*3H/D,
Nico Hoerner,28,2B,5.6,139,572,526,73,153,27,3,6,56,24,4,35,41,.291,.341,.388,.729,113,.334,116,204,4,7,0,4,1,*4/6,
Dansby Swanson,31,SS,4.2,142,578,530,78,130,20,3,22,71,14,3,41,153,.245,.298,.419,.717,107,.320,109,222,6,1,1,5,1,*6,
Matt Shaw,23,3B,2.8,111,382,344,47,78,19,2,11,39,16,4,32,79,.227,.293,.390,.683,98,.308,99,134,2,2,0,4,0,*5/4H,
Ian Happ#,30,LF,3.4,133,589,505,80,120,27,0,20,66,6,3,79,127,.238,.340,.410,.749,118,.333,121,207,8,1,0,4,1,*7/DH,
Pete Crow-Armstrong*,23,CF,6.4,140,580,530,85,134,35,4,28,87,34,7,27,136,.253,.294,.492,.786,125,.346,124,261,1,8,5,10,1,*8/DH,AS
Kyle Tucker*,28,RF,4.8,133,585,489,89,132,25,4,22,73,25,3,86,86,.270,.381,.472,.854,148,.380,149,231,8,4,1,3,7,*9D/H,AS
Seiya Suzuki,30,DH,2.1,139,606,534,69,130,29,3,27,90,5,2,65,156,.243,.322,.461,.782,126,.341,126,246,13,0,0,7,1,*D97/8H,
Justin Turner,40,1B,0.0,73,174,153,13,32,6,0,3,15,2,0,16,31,.209,.282,.307,.589,73,.278,80,47,3,1,0,4,0,3HD5,
Reese McGuire*,30,C,0.4,38,123,116,16,26,1,0,8,22,0,0,4,25,.224,.246,.440,.686,95,.288,88,51,2,0,1,2,0,2/H1,
Jon Berti,35,3B,0.1,51,107,100,12,21,2,0,0,2,11,3,5,22,.210,.262,.230,.492,46,.244,51,23,1,2,0,0,0,5H4/19D,
Miguel Amaya,26,C,1.1,28,103,96,14,27,9,0,4,25,0,0,4,22,.281,.314,.500,.814,133,.363,142,48,0,1,1,1,0,2/DH,
Willi Castro#,28,UT,-0.2,25,81,76,7,13,1,1,1,6,1,0,3,18,.171,.222,.250,.472,38,.228,44,19,1,2,0,0,0,/5948H7,
Vidal Bruján#,27,UT,-0.4,36,47,45,6,10,3,0,0,3,2,1,1,12,.222,.234,.289,.523,52,.225,45,13,1,0,0,1,0,H5/749D68,
Owen Caissie*,22,OF,0.0,11,25,24,4,5,1,0,1,4,0,0,1,9,.208,.240,.375,.615,77,.267,74,9,0,0,0,0,0,/9H7D,
Nicky Lopez*,30,IF,-0.3,14,22,18,2,1,0,0,0,1,0,0,4,3,.056,.227,.056,.283,-11,.164,1,1,1,0,0,0,0,5/H64D,
Moisés Ballesteros*,21,DH,-0.1,6,20,18,3,4,1,0,0,6,0,0,2,1,.222,.300,.278,.578,71,.263,71,5,1,0,0,0,0,/D,
Gage Workman*,25,IF,-0.2,9,15,14,0,3,1,0,0,2,1,0,1,6,.214,.267,.286,.552,62,.260,58,4,0,0,0,0,0,/56DH,
Carlos Santana#,39,1B,-0.3,4,10,10,0,0,0,0,0,0,0,0,0,3,.000,.000,.000,.000,-100,.000,-114,0,0,0,0,0,0,/3HD,
Kevin Alcántara,22,CF,-0.1,3,7,6,1,1,0,0,0,0,0,0,1,3,.167,.286,.167,.452,37,.229,48,1,0,0,0,0,0,/8,
Colin Rea,34,P,0.0,1,1,1,0,0,0,0,0,0,0,0,0,1,.000,.000,.000,.000,-100,.000,-108,0,0,0,0,0,0,1,
Edgar Quero#,22,C,1.8,96,345,312,28,88,17,0,5,36,0,1,28,60,.282,.345,.385,.730,105,.324,108,120,6,3,0,2,0,2DH,
Andrew Vaughn,27,1B,-1.8,48,193,185,9,35,8,0,5,19,0,0,7,43,.189,.218,.314,.531,47,.229,37,58,4,0,0,1,0,3D/H,
Lenyn Sosa,25,2B,1.1,126,489,464,51,123,17,1,20,65,2,1,18,109,.265,.297,.435,.732,102,.319,103,202,8,4,1,2,0,*43D/H5,
Chase Meidroth,23,SS,1.5,105,435,385,45,102,15,0,4,22,13,4,41,61,.265,.343,.335,.678,92,.313,97,129,13,5,3,1,0,64/H,
Miguel Vargas,25,3B,1.7,121,502,445,69,104,30,2,14,52,4,0,49,85,.234,.315,.404,.719,100,.315,98,180,8,5,0,3,0,53/DH,
Andrew Benintendi*,30,LF,0.9,109,447,400,55,99,16,2,18,59,1,0,37,74,.248,.312,.433,.744,106,.325,107,173,5,3,0,6,2,7D/H,
Luis Robert Jr.,27,CF,1.4,110,431,382,52,85,12,0,14,53,33,8,40,112,.223,.297,.364,.661,85,.307,88,139,8,2,1,3,3,*8/DH,
Mike Tauchman*,34,RF,1.5,84,351,307,39,83,15,1,8,37,0,0,41,82,.270,.359,.404,.763,114,.339,118,124,3,2,0,1,0,9D/H,
Nick Maton*,28,DH,-0.1,25,63,54,5,9,2,0,2,4,0,1,9,19,.167,.286,.315,.601,69,.264,69,17,0,0,0,0,0,D/H3479,
Brooks Baldwin#,24,OF,-0.6,92,296,271,29,65,12,1,9,31,5,0,18,77,.240,.288,.391,.679,88,.301,87,106,7,1,4,2,0,7895H46,
Michael A. Taylor,34,OF,-0.1,119,291,265,30,53,19,1,8,30,7,3,21,98,.200,.260,.370,.629,74,.269,66,98,7,1,2,2,1,*798H/D,
Kyle Teel*,23,C,1.9,63,238,203,31,58,10,0,7,29,3,1,29,54,.286,.384,.438,.822,131,.365,136,89,1,4,1,1,0,2D/H7,
Colson Montgomery*,23,SS,2.7,54,216,195,36,45,6,1,18,47,0,0,17,61,.231,.298,.549,.846,130,.358,132,107,3,2,0,1,1,65/H,
Josh Rojas*,31,IF,-1.5,69,211,189,14,34,9,0,2,11,4,1,19,48,.180,.252,.259,.512,44,.246,48,49,6,0,1,2,0,54/7H,
Joshua Palacios*,29,RF,-1.1,51,145,128,11,26,4,0,3,9,0,0,12,36,.203,.292,.305,.596,68,.276,71,39,0,4,1,0,0,97/HD,
Austin Slater,32,OF,0.3,51,135,123,20,29,6,1,5,11,1,0,11,35,.236,.299,.423,.721,99,.316,100,52,5,0,1,0,0,H97/D83,
Matt Thaiss*,30,C,1.0,35,110,85,11,18,4,0,1,8,1,1,23,21,.212,.382,.294,.676,94,.324,108,25,2,1,0,1,0,2/H3D,
Curtis Mead,24,CI,-0.1,30,106,99,11,26,6,0,0,9,1,0,3,22,.263,.311,.323,.635,79,.284,76,32,4,4,0,0,0,53/HD,
Jacob Amaya,26,SS,-1.0,36,73,66,7,7,1,0,0,8,2,0,3,16,.106,.139,.121,.260,-26,.125,-45,8,1,0,1,3,0,6/H14,
Tim Elko,26,1B,-0.5,23,72,67,6,9,1,0,4,8,1,0,5,30,.134,.194,.328,.523,43,.241,44,22,1,0,0,0,0,3/DH,
Vinny Capra,28,IF,0.2,23,46,42,4,8,2,0,0,2,1,0,1,10,.190,.205,.238,.443,24,.199,8,10,1,0,2,1,0,6/541HD,
Ryan Noda*,29,UT,-0.3,16,45,34,3,3,0,0,1,1,0,0,10,19,.088,.295,.176,.472,38,.232,37,6,0,0,1,0,1,3/D9H,
Korey Lee,26,C,0.4,20,38,33,9,9,3,0,1,3,0,0,4,5,.273,.351,.455,.806,124,.395,160,15,1,0,1,0,0,2/H1D,
Will Robertson*,27,OF,-0.2,11,29,28,2,4,1,0,0,6,0,0,1,10,.143,.172,.179,.351,-1,.158,-14,5,0,0,0,0,0,/79HD,
Bobby Dalbec,30,IF,0.0,7,21,18,2,4,1,0,0,1,0,0,3,6,.222,.333,.278,.611,75,.280,74,5,1,0,0,0,0,/36H5,
Travis Jankowski*,34,OF,-0.2,7,15,14,1,3,0,0,0,0,0,0,1,3,.214,.267,.214,.481,38,.217,29,3,0,0,0,0,0,/9H8,
Bryan Ramos,23,3B,0.1,4,12,12,1,2,2,0,0,2,0,0,0,4,.167,.167,.333,.500,35,.206,21,4,0,0,0,0,0,/5H,
Omar Narváez*,33,C,0.0,4,10,7,1,2,0,0,0,3,0,0,2,1,.286,.400,.286,.686,98,.306,93,2,0,0,0,1,0,/2,
Corey Julks,29,LF,0.2,4,8,8,2,3,2,0,0,0,0,0,0,2,.375,.375,.625,1.000,174,.409,168,5,0,0,0,0,0,/7DH,
Dominic Fletcher*,27,OF,0.0,3,8,8,2,2,2,0,0,0,0,0,0,1,.250,.250,.500,.750,103,.309,96,4,0,0,0,0,0,/98,
Greg Jones#,27,RF,0.0,3,2,2,0,0,0,0,0,0,1,0,0,2,.000,.000,.000,.000,-100,.122,-122,0,0,0,0,0,0,/H9,
Gage Workman*,25,IF,-0.1,3,2,2,0,0,0,0,0,0,0,0,0,1,.000,.000,.000,.000,-100,.000,-126,0,0,0,0,0,0,/56H,
Tyler Alexander,30,P,0.0,1,1,1,0,0,0,0,0,0,0,0,0,0,.000,.000,.000,.000,-100,.000,-136,0,0,0,0,0,0,1,
Jordan Leasure,26,P,0.0,1,0,0,0,0,0,0,0,0,0,0,0,0,,,,,,,,0,0,0,0,0,0,1,
Bryse Wilson,27,P,0.0,1,0,0,0,0,0,0,0,0,0,0,0,0,,,,,,,,0,0,0,0,0,0,1,
Jose Trevino,32,C,0.1,86,281,261,30,64,20,0,4,22,0,0,15,35,.245,.282,.368,.650,74,.289,70,96,9,0,1,4,0,2/D1H,
Spencer Steer,27,1B,0.4,133,520,468,61,111,20,2,17,64,6,1,45,115,.237,.308,.397,.706,89,.315,87,186,12,4,1,2,0,*3D/7H9,
Matt McLain,25,2B,0.1,130,519,457,67,104,16,0,14,46,16,2,50,145,.228,.308,.354,.663,78,.305,77,162,7,5,3,4,0,*4/6HD,
Elly De La Cruz#,23,SS,3.0,145,630,570,96,152,29,7,19,81,33,7,57,163,.267,.335,.442,.777,108,.342,103,252,13,2,0,1,10,*6/DH,AS
Santiago Espinal,30,3B,-1.3,110,325,298,24,73,12,0,0,16,2,1,21,38,.245,.295,.285,.580,58,.260,49,85,11,1,3,2,0,54H7/93D6,
Austin Hays,29,LF,1.1,93,381,347,56,92,15,5,15,64,6,0,27,100,.265,.315,.467,.782,107,.341,104,162,9,1,0,6,1,7D/H,
TJ Friedl*,29,CF,2.3,136,612,519,75,137,20,2,12,47,12,3,70,103,.264,.363,.380,.743,101,.342,106,197,7,14,4,5,0,*8/HD,
Jake Fraley*,30,RF,0.3,67,193,168,29,39,8,0,6,23,4,2,24,41,.232,.332,.387,.719,93,.324,95,65,1,1,0,0,1,9H/7D,
Gavin Lux*,27,DH,-0.3,126,452,401,44,107,24,1,5,50,1,0,51,104,.267,.350,.369,.719,95,.325,95,148,3,0,0,0,0,7D4H/5,
Tyler Stephenson,28,C,1.0,76,299,262,34,59,16,0,10,40,0,1,33,101,.225,.311,.401,.712,90,.319,92,105,3,1,0,3,1,2D/H,
Noelvi Marté,23,UT,1.3,75,296,276,38,77,17,2,12,48,8,3,15,68,.279,.321,.486,.806,114,.359,118,134,5,3,0,2,0,95/H8D,
Will Benson*,27,OF,0.5,75,215,195,29,44,7,1,10,34,2,2,14,59,.226,.274,.426,.700,85,.300,79,83,4,1,0,5,1,97H8,
Christian Encarnacion-Strand,25,1B,-0.7,36,137,130,13,27,4,0,6,19,0,2,3,32,.208,.234,.377,.610,61,.254,51,49,1,2,0,2,0,3/5,
"Ke'Bryan Hayes",28,3B,0.7,36,128,114,14,31,6,1,3,12,2,1,12,22,.272,.344,.421,.765,105,.343,108,48,0,1,0,1,0,5,
Jeimer Candelario#,31,CI,-0.9,22,91,80,3,9,2,0,2,10,0,1,9,29,.113,.198,.213,.410,11,.185,0,17,1,0,0,2,0,5/3D,
Miguel Andujar,30,DH,0.6,23,76,69,11,25,6,0,3,13,0,0,6,12,.362,.421,.580,1.001,167,.430,169,40,0,1,0,0,0,D/H37,
Blake Dunn,26,OF,-0.1,30,75,60,10,9,2,0,1,7,1,1,8,25,.150,.320,.233,.553,53,.270,59,14,1,7,0,0,0,97/8HD,
Connor Joe,32,UT,-0.5,35,70,61,2,13,4,0,0,4,2,2,6,14,.213,.286,.279,.564,54,.249,47,17,2,1,0,2,0,97H/3D8,
Rece Hinds,24,RF,-0.4,15,44,43,6,5,1,0,2,3,0,0,1,21,.116,.136,.279,.415,8,.175,-11,12,1,0,0,0,0,9/H,
Austin Wynns,34,C,0.7,18,43,40,6,16,3,0,3,11,0,0,3,12,.400,.442,.700,1.142,202,.483,206,28,1,0,0,0,0,2/H3D,
Sal Stewart,21,CI,0.0,7,20,20,3,4,0,0,2,3,0,0,0,7,.200,.200,.500,.700,80,.288,69,10,0,0,0,0,0,/35H,
Garrett Hampson,30,UT,-0.2,9,19,18,0,3,1,0,0,0,0,0,1,6,.167,.211,.222,.433,17,.187,-2,4,1,0,0,0,0,/748H56D,
Jacob Hurtubise*,27,LF,-0.1,12,15,12,3,1,0,0,0,0,0,0,1,6,.083,.267,.083,.350,1,.204,10,1,0,2,0,0,0,/H79,
Will Banfield,25,C,-0.2,7,10,10,0,1,0,0,0,0,0,0,0,6,.100,.100,.100,.200,-46,.090,-70,1,1,0,0,0,0,/2,
Tyler Callihan*,25,UT,-0.2,4,6,6,0,1,0,0,0,1,0,0,0,1,.167,.167,.167,.333,-9,.150,-29,1,0,0,0,0,0,/74,
Ryan Vilade,26,LF,0.0,1,0,0,0,0,0,0,0,0,0,0,0,0,,,,,,,,0,0,0,0,0,0,/7,
Bo Naylor*,25,C,0.9,109,364,314,39,55,17,1,11,31,1,2,42,92,.175,.271,.341,.612,68,.272,67,107,4,1,3,4,0,*2H,
Carlos Santana#,39,1B,1.3,116,455,396,49,89,10,0,11,52,7,0,52,86,.225,.316,.333,.650,81,.296,81,132,7,3,0,4,1,3D/H5,
Daniel Schneemann*,28,2B,1.7,116,381,340,44,75,18,1,11,38,9,3,36,102,.221,.300,.376,.676,86,.303,87,128,4,3,1,1,1,458H69/7,
Gabriel Arias,25,SS,1.0,113,408,372,39,83,20,1,10,48,6,4,24,139,.223,.280,.363,.643,77,.280,73,135,7,7,1,4,0,64/5H,
José Ramírez#,32,3B,5.2,140,596,527,91,151,28,3,28,76,37,7,56,64,.287,.360,.510,.870,138,.375,136,269,6,7,0,5,21,*5D,AS
Steven Kwan*,27,LF,3.1,138,613,552,72,152,25,1,10,48,19,4,50,53,.275,.335,.379,.714,98,.317,95,209,3,3,1,7,2,*7/D8,AS
Ángel Martínez#,23,CF,-0.9,123,436,406,49,92,21,1,10,41,7,2,17,99,.227,.264,.357,.621,70,.272,64,145,8,5,4,4,0,*84H/97,
Nolan Jones*,27,RF,-1.0,127,383,336,33,72,13,2,5,33,8,3,38,103,.214,.301,.310,.611,70,.276,68,104,6,5,1,3,1,*98H7/D,
Kyle Manzardo*,24,DH,1.2,124,464,406,43,97,15,2,25,65,1,0,45,119,.239,.323,.470,.794,116,.342,116,191,7,8,0,5,1,D3H,
Brayan Rocchio#,24,MI,-0.4,97,320,287,27,68,16,1,4,40,6,4,17,66,.237,.294,.341,.636,76,.277,71,98,4,8,4,4,0,64/H,
Austin Hedges,32,C,-0.6,61,161,140,11,20,3,0,5,9,1,0,15,41,.143,.228,.271,.499,38,.225,29,38,2,1,3,2,0,2/1,
David Fry,29,DH,-0.7,60,144,133,14,23,4,0,7,22,1,0,9,52,.173,.236,.361,.597,62,.259,55,48,2,2,0,0,0,DH,
Lane Thomas,29,CF,-0.7,39,142,125,10,20,2,0,4,11,4,1,14,44,.160,.246,.272,.518,44,.242,42,34,4,1,0,2,0,8/H9D,
Jhonkensy Noel,23,RF,-1.3,56,132,128,15,18,2,0,3,10,0,0,3,44,.141,.159,.227,.386,5,.173,-6,29,4,0,0,1,0,9H/37D,
C.J. Kayfus*,23,UT,-0.1,30,99,88,13,18,8,1,2,11,3,0,8,29,.205,.276,.386,.662,81,.292,75,34,0,1,1,1,0,93/DH,
Will Wilson,26,IF,-0.5,34,91,78,7,15,4,0,0,2,2,0,7,34,.192,.267,.244,.511,44,.238,33,19,1,1,5,0,0,45/H1D,
Johnathan Rodríguez,25,RF,-0.9,28,70,66,5,11,4,1,1,6,0,0,4,22,.167,.214,.303,.517,41,.237,41,20,2,0,0,0,0,9/H7D,
Will Brennan*,27,OF,-0.2,6,13,11,0,1,0,0,0,0,0,1,1,1,.091,.231,.091,.322,-5,.131,-8,1,1,1,0,0,0,/98H,
George Valera*,24,DH,-0.2,5,11,10,1,3,0,0,0,1,0,0,1,4,.300,.364,.300,.664,88,.305,90,3,0,0,0,0,0,/9DH,
Dom Nuñez*,30,C,0.0,2,7,7,2,2,0,0,0,0,0,0,0,4,.286,.286,.286,.571,60,.227,33,2,0,0,0,0,0,/2,
Tim Herrin*,28,P,0.0,1,0,0,0,0,0,0,0,0,0,0,0,0,,,,,,,,0,0,0,0,0,0,1,
Matt Festa,32,P,0.0,1,0,0,0,0,0,0,0,0,0,0,0,0,,,,,,,,0,0,0,0,0,0,1,
Emmanuel Clase,27,P,0.0,1,0,0,0,0,0,0,0,0,0,0,0,0,,,,,,,,0,0,0,0,0,0,1,
Hunter Goodman,25,C,3.3,127,511,476,68,134,25,4,30,87,1,2,29,136,.282,.327,.540,.867,126,.372,127,257,14,4,0,2,0,2D/H,AS
Michael Toglia#,26,1B,-1.6,86,332,302,22,58,15,1,11,32,3,0,27,128,.192,.259,.358,.617,62,.274,55,108,7,1,0,2,2,3/DH,
Thairo Estrada,29,2B,-0.4,39,165,154,14,39,9,0,3,21,1,3,6,26,.253,.285,.370,.655,73,.287,71,57,6,2,0,3,0,4,
Ezequiel Tovar,23,SS,1.3,78,323,299,39,80,17,3,8,25,4,2,18,78,.268,.310,.425,.735,94,.325,93,127,2,1,4,1,0,6,
Ryan McMahon*,30,3B,1.1,100,401,350,42,76,15,1,16,35,2,1,49,127,.217,.314,.403,.717,90,.314,85,141,4,1,0,1,1,*5/HD,
Jordan Beck,24,LF,1.3,131,525,478,58,129,26,5,15,50,16,8,41,151,.270,.332,.439,.771,104,.343,106,210,8,4,0,1,0,*7/HD8,
Brenton Doyle,27,CF,-0.1,124,484,450,53,110,20,2,14,55,16,2,29,121,.244,.288,.391,.679,79,.307,76,176,14,0,1,4,0,*8/HD,
Tyler Freeman,26,RF,-1.2,100,382,335,44,94,17,2,2,29,17,9,33,45,.281,.357,.361,.718,93,.325,94,121,10,9,1,4,0,9D4H/57,
Yanquiel Fernández*,22,DH,-0.6,39,112,108,11,28,4,0,3,9,0,0,4,31,.259,.286,.380,.665,76,.291,69,41,4,0,0,0,0,D9/H7,
Mickey Moniak*,27,OF,-1.0,121,410,384,54,100,17,8,19,57,6,3,21,98,.260,.300,.495,.795,107,.337,101,190,4,2,0,3,1,*98DH7,
Kyle Farmer,34,2B,-0.7,91,284,262,23,59,14,0,7,29,0,1,16,60,.225,.278,.359,.637,68,.282,64,94,9,4,0,2,0,4D3H6/51,
Ryan Ritter,24,MI,0.4,48,172,157,21,39,8,3,1,17,2,0,8,53,.248,.296,.357,.653,73,.300,72,56,4,3,3,1,0,64,
Orlando Arcia,30,IF,-0.9,55,164,155,11,32,6,1,3,12,0,0,8,32,.206,.244,.316,.560,48,.250,40,49,4,0,0,1,0,5463/HD,
Warming Bernabel,23,1B,0.2,37,136,129,15,34,8,1,4,14,1,1,7,23,.264,.301,.434,.736,93,.328,96,56,2,0,0,0,0,3/5H,
Adael Amador#,22,2B,-1.1,41,128,113,5,20,7,0,1,10,1,1,11,27,.177,.256,.265,.521,40,.245,36,30,2,1,3,0,0,4/H,
Nick Martini*,35,DH,-0.2,43,111,102,9,23,4,0,1,4,0,0,9,18,.225,.288,.294,.582,56,.267,51,30,1,0,0,0,1,D9H/7,
Kyle Karros,22,3B,0.1,28,105,94,16,23,4,0,1,7,0,0,9,26,.245,.314,.319,.633,70,.294,71,30,5,1,0,1,0,5/DH,
Braxton Fulford,26,C,-0.3,32,99,91,9,19,4,2,1,15,1,0,4,29,.209,.253,.330,.582,54,.258,44,30,1,2,0,2,0,2/DH,
Jacob Stallings,35,C,-0.9,28,93,84,4,12,3,0,0,6,0,0,5,31,.143,.217,.179,.396,8,.189,-4,15,1,3,1,0,0,2/1H,
Sean Bouchard,29,UT,-0.9,32,73,66,7,11,0,1,1,7,1,1,7,27,.167,.247,.242,.489,31,.235,32,16,2,0,0,0,0,9H/D73,
Sam Hilliard*,31,OF,-0.2,20,61,51,8,10,3,1,2,3,2,1,10,23,.196,.328,.412,.740,96,.326,94,21,1,0,0,0,0,/7H89D,
Alan Trejo,29,SS,-0.6,13,43,40,3,7,2,0,0,1,0,0,1,7,.175,.190,.225,.415,10,.184,-10,9,3,0,1,1,0,6/1,
Austin Nola,35,C,-0.2,14,41,38,2,7,1,0,0,1,0,0,2,5,.184,.225,.211,.436,17,.199,2,8,2,0,1,0,0,2/13DH,
Kris Bryant,33,DH,-0.5,11,41,39,2,6,2,0,0,1,0,0,2,13,.154,.195,.205,.400,7,.183,-7,8,1,0,0,0,0,D/H,
Zac Veen*,23,OF,-0.3,12,37,34,1,4,1,0,1,2,1,1,2,14,.118,.189,.235,.424,12,.182,-3,8,0,1,0,0,0,/79H,
Aaron Schunk,27,IF,-0.3,16,33,32,1,6,1,0,0,0,0,0,0,10,.188,.188,.219,.406,8,.180,-13,7,1,0,1,0,0,/64H5D,
Keston Hiura,28,1B,0.0,8,21,18,3,4,1,0,0,1,0,0,0,7,.222,.333,.278,.611,66,.293,70,5,0,3,0,0,0,/3,
Owen Miller,28,IF,0.0,9,17,14,0,2,0,0,0,1,1,0,2,4,.143,.294,.143,.437,22,.246,27,2,0,1,0,0,0,/4H5D,
Drew Romo#,23,DH,0.0,1,1,1,0,0,0,0,0,0,0,0,0,1,.000,.000,.000,.000,-100,.000,-133,0,0,0,0,0,0,/DH,
Juan Mejia,24,P,0.0,2,0,0,0,0,0,0,0,0,0,0,0,0,,,,,,,,0,0,0,0,0,0,1,
Zach Agnos,24,P,0.0,1,0,0,0,0,0,0,0,0,0,0,0,0,,,,,,,,0,0,0,0,0,0,1,
Seth Halvorsen,25,P,0.0,1,0,0,0,0,0,0,0,0,0,0,0,0,,,,,,,,0,0,0,0,0,0,1,
Angel Chivilli,22,P,0.0,1,0,0,0,0,0,0,0,0,0,0,0,0,,,,,,,,0,0,0,0,0,0,1,
Jake Bird,29,P,0.0,1,0,0,0,0,0,0,0,0,0,0,0,0,,,,,,,,0,0,0,0,0,0,1,
Victor Vodnik,25,P,0.0,1,0,0,0,0,0,0,0,0,0,0,0,0,,,,,,,,0,0,0,0,0,0,1,
Dillon Dingler,26,C,2.8,112,412,381,47,105,17,2,12,53,0,0,20,95,.276,.326,.425,.751,106,.330,108,162,5,9,0,1,2,*2/HD,
Spencer Torkelson,25,1B,2.4,139,580,501,75,117,26,1,28,72,2,1,65,144,.234,.329,.457,.786,115,.337,113,229,12,9,0,5,6,*3D/H,
Gleyber Torres,28,2B,2.4,129,557,470,74,122,20,0,15,67,4,1,77,83,.260,.364,.398,.762,112,.344,118,187,11,4,0,6,0,*4D/H,AS
Trey Sweeney*,25,SS,-0.5,105,308,280,36,57,6,2,6,32,3,1,24,86,.204,.263,.304,.567,57,.255,53,85,2,0,0,4,0,*6H,
Zach McKinstry*,30,3B,2.9,130,475,418,65,111,21,11,11,48,19,4,45,102,.266,.342,.447,.789,117,.345,115,187,5,6,1,5,1,5697/H4D3,AS
Riley Greene*,24,LF,2.6,141,588,540,78,145,30,1,32,104,2,1,42,180,.269,.323,.506,.829,125,.353,125,273,12,3,0,3,1,*7D8/H9,AS
Javier Báez,32,CF,1.6,114,400,381,52,98,17,2,11,52,5,1,10,101,.257,.283,.399,.682,86,.299,84,152,7,5,0,3,0,685/4H,AS
Wenceel Pérez#,25,RF,1.1,84,315,283,43,76,15,4,12,39,7,3,25,63,.269,.330,.477,.807,120,.343,117,135,2,3,0,4,0,98/H7D,
Colt Keith*,23,DH,1.2,129,445,394,63,99,21,2,12,42,1,1,45,99,.251,.328,.406,.734,102,.320,101,160,7,2,0,4,0,D54H3,
Kerry Carpenter*,27,OF,1.8,114,414,385,62,98,18,5,23,57,1,1,16,92,.255,.295,.506,.802,116,.341,117,195,3,7,0,2,0,9D7H,
Andy Ibáñez,32,3B,0.3,75,162,149,23,35,7,0,4,21,3,1,8,22,.235,.290,.362,.653,80,.285,74,54,6,4,0,1,0,5H4/D367,
Parker Meadows*,25,CF,0.0,41,148,134,18,29,4,1,4,14,3,0,14,40,.216,.291,.351,.641,77,.287,74,47,0,0,0,0,0,8/H,
Jake Rogers,30,C,0.4,42,131,113,14,23,5,2,3,19,0,0,15,36,.204,.292,.363,.655,80,.299,85,41,1,0,1,2,0,2/1HD,
Justyn-Henry Malloy,25,DH,-0.2,49,121,98,14,21,5,0,1,17,0,0,20,31,.214,.347,.296,.643,81,.301,87,29,1,1,0,2,0,DH9/73,
Jahmai Jones,27,DH,0.5,58,120,105,17,29,10,1,6,18,2,0,12,25,.276,.367,.562,.929,152,.394,152,59,3,3,0,0,0,HD9/74,
Matt Vierling,28,CF,-0.3,31,100,88,6,21,3,0,1,11,2,0,7,24,.239,.310,.307,.617,72,.281,69,27,1,3,0,2,0,8/7H59D,
Jace Jung*,24,3B,-0.5,18,53,45,8,5,0,0,0,3,0,0,7,15,.111,.245,.111,.356,4,.188,5,5,2,1,0,0,0,5/H,
Ryan Kreidler,27,CF,-0.2,17,44,38,5,4,0,0,0,0,2,0,4,19,.105,.190,.105,.296,-14,.162,-28,4,0,0,2,0,0,8,
Tomás Nido,31,C,-0.1,10,37,35,4,12,0,0,0,2,0,0,0,10,.343,.361,.343,.704,97,.314,96,12,1,1,1,0,0,2/1,
Manuel Margot,30,RF,-0.1,6,20,19,1,6,0,0,0,3,0,0,0,6,.316,.300,.316,.616,71,.262,59,6,0,0,0,1,0,/9H,
Akil Baddoo*,26,OF,0.2,7,18,17,0,2,1,0,0,1,1,0,1,5,.118,.167,.176,.343,-5,.170,-18,3,0,0,0,0,0,/798H,
Brewer Hicklen,29,CF,0.1,1,4,3,2,2,0,0,0,0,1,0,1,1,.667,.750,.667,1.417,299,.653,302,2,0,0,0,0,0,/8,
Tyler Owens,24,P,0.0,1,0,0,0,0,0,0,0,0,0,0,0,0,,,,,,,,0,0,0,0,0,0,/1,
Tommy Kahnle,35,P,0.0,1,0,0,0,0,0,0,0,0,0,0,0,0,,,,,,,,0,0,0,0,0,0,1,
John Brebbia*,35,P,0.0,1,0,0,0,0,0,0,0,0,0,0,0,0,,,,,,,,0,0,0,0,0,0,1,
Yainer Diaz,26,C,1.6,127,509,484,49,123,21,1,18,61,1,1,20,85,.254,.285,.413,.698,90,.304,90,200,13,2,0,3,2,*2D/H,
Christian Walker,34,1B,-0.3,138,579,526,63,123,23,1,22,76,2,1,39,158,.234,.297,.407,.704,93,.307,92,214,10,10,0,4,1,*3/D,
Mauricio Dubón,30,2B,2.0,119,365,338,39,85,20,0,7,30,3,0,22,37,.251,.298,.373,.671,85,.292,79,126,12,1,3,1,0,74658H/39,
Jeremy Peña,27,SS,4.8,116,502,456,60,138,27,2,15,54,20,2,32,88,.303,.361,.469,.831,128,.363,127,214,9,11,1,2,2,*6/HD,AS
Isaac Paredes,26,3B,2.5,94,409,351,51,91,15,1,19,50,0,1,49,67,.259,.359,.470,.829,128,.361,132,165,8,7,0,2,0,5/DH,AS
Cooper Hummel#,30,LF,-0.7,36,104,87,10,15,0,0,3,7,1,0,14,30,.172,.301,.276,.577,62,.272,64,24,1,2,1,0,0,7H/D1,
Jake Meyers,29,CF,2.8,92,336,302,48,92,15,2,3,22,15,5,28,59,.305,.365,.397,.763,112,.345,117,120,8,2,2,2,0,8/H,
Cam Smith,22,RF,1.8,123,468,421,52,101,20,3,8,49,8,1,41,131,.240,.314,.359,.673,86,.305,88,151,11,5,0,1,0,*9/H,
Jose Altuve,35,DH,0.5,140,602,543,75,143,22,1,24,69,9,6,51,98,.263,.327,.440,.767,110,.328,108,239,19,3,0,5,5,4D7,
Victor Caratini#,31,C,1.1,100,344,309,32,84,13,0,11,44,1,0,19,57,.272,.328,.421,.749,106,.324,104,130,8,10,0,6,0,2DH3,
Yordan Alvarez*,28,DH,0.8,42,177,145,15,41,7,0,6,27,1,0,26,26,.283,.379,.455,.834,130,.355,126,66,1,0,0,6,5,D7/H,
Carlos Correa,30,3B,1.1,35,154,141,17,41,5,0,5,18,0,0,12,30,.291,.351,.433,.783,116,.347,121,61,3,1,0,0,0,5/6,
Brendan Rodgers,28,2B,0.0,43,128,115,12,22,4,0,2,11,0,1,11,46,.191,.266,.278,.544,51,.263,62,32,2,1,0,1,0,4/HD,
Taylor Trammell*,27,OF,0.2,47,123,106,13,22,7,0,3,12,3,2,16,38,.208,.309,.358,.667,85,.292,82,38,0,0,0,1,0,87H/9D,
Chas McCormick,30,CF,-1.0,64,116,100,13,21,5,0,1,5,2,3,9,31,.210,.279,.290,.569,59,.243,49,29,1,1,5,1,0,879H/D1,
Jesús Sánchez*,27,OF,0.6,31,110,100,14,23,8,0,3,7,0,0,9,24,.230,.300,.400,.700,92,.311,94,40,1,1,0,0,0,79/H,
Zach Dezenzo,25,OF,0.0,34,109,98,17,24,6,0,2,10,1,0,11,37,.245,.321,.367,.688,91,.313,94,36,2,0,0,0,0,79/D3H,
Ramón Urías,31,2B,0.8,26,77,72,5,19,5,0,2,8,0,0,4,24,.264,.299,.417,.715,96,.303,89,30,1,0,0,1,0,4/5H,
Jacob Melton*,24,OF,-0.4,31,74,67,7,10,0,1,0,7,6,1,5,28,.149,.219,.179,.398,13,.199,2,12,2,1,0,0,0,8/7H9,
Zack Short,30,SS,0.0,22,56,50,9,11,2,0,2,7,0,1,4,18,.220,.291,.380,.671,84,.278,77,19,0,1,1,0,0,6/HD,
Brice Matthews,23,2B,0.1,11,40,35,5,5,0,0,3,8,0,0,2,18,.143,.211,.400,.611,64,.282,71,14,0,1,2,0,0,4/5H,
Shay Whitcomb,26,UT,-0.3,20,32,32,4,4,0,0,1,1,0,0,0,10,.125,.125,.219,.344,-7,.171,-7,7,0,0,0,0,0,/45HD7,
Luis Guillorme*,30,IF,-0.2,12,21,20,2,3,0,0,0,0,0,0,1,8,.150,.190,.150,.340,-3,.160,-16,3,2,0,0,0,0,/45H,
César Salazar*,29,C,-0.1,11,16,13,0,3,0,0,0,1,0,0,2,2,.231,.375,.231,.606,74,.291,80,3,1,1,0,0,0,/2HD1,
Jon Singleton*,33,DH,-0.1,3,9,9,0,1,0,0,0,0,0,0,0,1,.111,.111,.111,.222,-38,.099,-61,1,0,0,0,0,0,/D3H,
Kenedy Corona,25,CF,0.0,3,4,2,0,0,0,0,0,0,0,0,2,1,.000,.500,.000,.500,58,.343,118,0,0,0,0,0,0,/8H,
Kaleb Ort,33,P,0.0,2,0,0,0,0,0,0,0,0,0,0,0,0,,,,,,,,0,0,0,0,0,0,1,
Bryan Abreu,28,P,0.0,1,0,0,0,0,0,0,0,0,0,0,0,0,,,,,,,,0,0,0,0,0,0,1,
Josh Hader*,31,P,0.0,1,0,0,0,0,0,0,0,0,0,0,0,0,,,,,,,,0,0,0,0,0,0,1,AS
Bennett Sousa*,30,P,0.0,1,0,0,0,0,0,0,0,0,0,0,0,0,,,,,,,,0,0,0,0,0,0,1,
Enyel De Los Santos,29,P,0.0,1,0,0,0,0,0,0,0,0,0,0,0,0,,,,,,,,0,0,0,0,0,0,1,
Salvador Perez,35,C,-0.1,138,568,532,48,125,33,0,25,81,0,0,23,112,.235,.278,.438,.716,97,.306,93,233,13,9,0,1,4,2D3,
Vinnie Pasquantino*,27,1B,1.7,143,605,550,60,143,24,1,29,99,1,0,44,97,.260,.321,.465,.786,117,.340,118,256,13,7,0,4,5,*3D,
Jonathan India,28,2B,0.4,125,535,468,57,110,27,0,8,41,0,4,52,95,.235,.326,.344,.670,89,.300,92,161,9,12,1,2,0,4D75/H,
Bobby Witt Jr.,25,SS,6.0,140,609,549,90,161,41,5,21,77,34,8,47,114,.293,.351,.501,.852,136,.369,135,275,7,6,0,7,8,*6/D,AS
Maikel Garcia,25,3B,5.0,143,593,531,68,154,35,5,16,67,22,9,54,76,.290,.354,.465,.819,128,.352,127,247,13,1,3,4,0,*564/8DH9,AS
Drew Waters#,26,LF,-0.4,71,219,206,21,50,6,3,1,14,5,3,11,60,.243,.288,.316,.603,70,.281,77,65,2,2,0,0,0,789/HD,
Kyle Isbel*,28,CF,1.8,129,394,354,42,92,16,4,4,32,4,5,22,71,.260,.304,.362,.666,86,.287,82,128,7,2,13,3,0,*8/H,
Jac Caglianone*,22,RF,-1.3,47,180,165,12,25,5,0,5,12,1,0,12,38,.152,.222,.273,.495,38,.222,32,45,4,3,0,0,0,9/3DH,
Cavan Biggio*,30,DH,-0.2,37,83,69,9,12,2,0,1,4,1,0,11,21,.174,.296,.246,.543,55,.259,56,17,0,1,2,0,0,HD/93745,
Michael Massey*,27,2B,-0.9,68,246,234,12,52,7,0,2,16,1,1,6,41,.222,.241,.278,.519,45,.224,34,65,3,1,1,4,0,47/DH,
Freddy Fermin,30,C,1.1,67,208,192,17,49,7,0,3,12,1,2,13,37,.255,.309,.339,.648,82,.284,80,65,2,2,1,0,1,2/HD4,
Nick Loftin,26,LF,-0.4,65,185,165,16,34,9,2,4,19,1,1,14,26,.206,.277,.358,.635,77,.273,70,59,7,3,1,2,0,7H45/3D,
John Rave*,27,OF,0.1,63,156,136,17,27,5,0,4,13,7,2,16,40,.199,.286,.324,.609,71,.273,66,44,1,1,2,1,0,97/8HD,
Adam Frazier*,33,UT,0.7,42,146,135,17,38,9,0,3,17,1,1,7,25,.281,.322,.415,.737,105,.321,106,56,0,2,0,2,0,4/7D9H5,
Mike Yastrzemski*,34,RF,0.8,34,125,107,22,25,9,0,7,14,0,0,15,16,.234,.320,.514,.834,129,.348,124,55,2,0,0,3,0,9/DH87,
Mark Canha,36,OF,-1.0,46,125,113,9,24,3,0,1,6,0,1,7,24,.212,.272,.265,.537,52,.237,46,30,1,3,0,2,0,7H9/D3,
Hunter Renfroe,33,RF,-1.5,35,108,99,5,18,6,0,0,4,0,0,8,21,.182,.241,.242,.483,37,.216,28,24,4,0,0,1,0,9/HD,
Randal Grichuk,33,OF,-0.3,30,79,71,7,14,3,0,1,3,0,0,7,17,.197,.278,.282,.560,58,.251,54,20,1,1,0,0,0,9H/7D,
MJ Melendez*,26,OF,-0.6,23,65,60,5,5,2,0,1,1,0,0,3,23,.083,.154,.167,.321,-10,.150,-20,10,0,2,0,0,0,7/9HD,
Luke Maile,34,C,-0.1,20,47,38,4,8,1,0,1,3,0,0,7,13,.211,.333,.316,.649,84,.296,85,12,1,0,2,0,0,2/1H,
Tyler Tolbert,27,UT,0.0,50,41,36,13,8,1,0,1,5,17,2,1,8,.222,.293,.333,.626,76,.375,91,12,0,3,0,1,0,H87/9456D,
Carter Jensen*,21,DH,0.0,5,12,8,0,1,1,0,0,2,0,0,4,2,.125,.417,.250,.667,95,.332,113,2,1,0,0,0,0,/D2H,
Dairon Blanco,32,OF,0.0,9,8,6,2,1,1,0,0,1,3,2,0,2,.167,.167,.333,.500,35,.313,144,2,0,0,2,0,0,/H78,
Luinder Avila,23,P,0.0,1,0,0,0,0,0,0,0,0,0,0,0,0,,,,,,,,0,0,0,0,0,0,/1,
John Schreiber,31,P,0.0,1,0,0,0,0,0,0,0,0,0,0,0,0,,,,,,,,0,0,0,0,0,0,1,
Trevor Richards,32,P,0.0,1,0,0,0,0,0,0,0,0,0,0,0,0,,,,,,,,0,0,0,0,0,0,/1,
Taylor Clarke,32,P,0.0,3,0,0,0,0,0,0,0,0,0,0,0,0,,,,,,,,0,0,0,0,0,0,1,
Steven Cruz,26,P,0.0,1,0,0,0,0,0,0,0,0,0,0,0,0,,,,,,,,0,0,0,0,0,0,1,
Lucas Erceg*,30,P,0.0,2,0,0,0,0,0,0,0,0,0,0,0,0,,,,,,,,0,0,0,0,0,0,1,
Daniel Lynch IV*,28,P,0.0,3,0,0,0,0,0,0,0,0,0,0,0,0,,,,,,,,0,0,0,0,0,0,1,
Sam Long*,29,P,0.0,1,0,0,0,0,0,0,0,0,0,0,0,0,,,,,,,,0,0,0,0,0,0,1,
Carlos Estévez,32,P,0.0,5,0,0,0,0,0,0,0,0,0,0,0,0,,,,,,,,0,0,0,0,0,0,1,AS
Will Smith,30,C,4.4,110,436,362,64,107,20,1,17,61,2,3,64,89,.296,.404,.497,.901,152,.388,151,180,7,5,0,5,1,*2H/D,AS
Freddie Freeman*,35,1B,2.7,131,556,492,71,145,37,2,20,79,5,2,54,114,.295,.367,.500,.867,141,.376,140,246,13,5,0,5,6,*3/H,AS
Tommy Edman#,30,2B,1.1,86,332,303,43,69,13,1,12,44,3,1,18,57,.228,.281,.396,.677,88,.310,94,120,4,6,1,4,0,485/H,
Mookie Betts,32,SS,4.2,134,590,526,85,134,20,2,17,69,8,2,54,59,.255,.324,.397,.721,102,.320,100,209,14,3,0,7,2,*6/H9,
Max Muncy*,34,3B,3.3,91,355,286,44,72,10,2,17,64,4,0,61,74,.252,.383,.479,.862,141,.377,139,137,4,3,0,5,2,5/H,
Michael Conforto*,32,LF,-0.9,126,440,380,46,73,20,0,10,29,1,0,49,109,.192,.298,.324,.621,75,.283,75,123,12,9,0,2,0,*7H,
Andy Pages,24,CF,3.1,140,561,520,64,140,22,1,24,79,13,7,27,123,.269,.312,.454,.766,112,.334,111,236,8,8,0,6,0,*897,
Teoscar Hernández,32,RF,1.0,119,482,451,56,110,25,0,23,80,5,1,23,123,.244,.281,.452,.733,102,.317,98,204,12,2,0,5,0,*9/H,
Shohei Ohtani*,30,DH,6.0,142,651,547,129,153,21,8,48,91,18,6,98,166,.280,.391,.611,1.001,176,.420,172,334,7,3,0,2,16,*D1,AS
Miguel Rojas,36,IF,1.6,99,267,244,29,63,14,0,6,22,3,0,21,35,.258,.317,.389,.706,97,.316,96,95,6,0,2,0,1,456H/13,
Kiké Hernández,33,IF,0.2,80,217,197,25,39,5,0,8,25,0,0,17,57,.198,.259,.345,.604,68,.275,69,68,7,0,1,2,0,374H5/81D,
Hyeseong Kim*,26,2B,1.7,64,159,150,18,43,6,1,2,15,13,0,7,47,.287,.323,.380,.703,97,.343,104,57,0,1,1,0,0,48H/6,
Dalton Rushing*,24,C,-0.1,45,134,121,12,23,4,0,3,21,0,0,10,52,.190,.254,.298,.551,54,.254,54,36,1,1,0,2,0,2/H3D,
Alex Freeland#,23,IF,0.2,29,97,84,10,16,2,1,2,6,1,0,11,35,.190,.292,.310,.601,69,.276,68,26,3,1,1,0,0,54/H,
Alex Call,30,OF,0.0,27,65,57,11,14,3,0,1,3,1,0,7,14,.246,.328,.351,.679,91,.310,91,20,1,0,1,0,0,7H/98D,
Austin Barnes,35,C,-0.3,13,44,42,4,9,3,0,0,2,0,0,1,14,.214,.233,.286,.518,45,.227,34,12,1,0,1,0,0,2/3DH,
James Outman*,28,CF,-0.2,22,44,39,8,4,1,0,2,4,0,0,4,18,.103,.205,.282,.487,35,.221,31,11,0,1,0,0,0,8/H9,
Chris Taylor,34,UT,-0.4,28,35,35,4,7,2,0,0,2,0,1,0,13,.200,.200,.257,.457,27,.180,13,9,1,0,0,0,0,7/8H49,
Esteury Ruiz,26,OF,-0.2,19,23,21,2,4,0,0,1,2,4,0,2,8,.190,.261,.333,.594,66,.305,61,7,0,0,0,0,0,7/H9,
Buddy Kennedy,26,3B,-0.3,7,18,17,1,1,0,0,0,1,0,0,0,5,.059,.111,.059,.170,-50,.136,-29,1,0,1,0,0,0,/5H,
Ben Rortvedt*,27,C,0.1,5,13,9,3,2,0,0,0,0,0,0,1,3,.222,.364,.222,.586,70,.294,80,2,0,1,2,0,0,/2,
Eddie Rosario*,33,DH,0.0,2,4,4,0,1,0,0,0,0,0,0,0,0,.250,.250,.250,.500,41,.226,34,1,0,0,0,0,0,/D,
Hunter Feduccia*,28,1B,0.0,2,3,2,0,0,0,0,0,0,0,0,1,1,.000,.333,.000,.333,5,.233,40,0,0,0,0,0,0,/H3,
Justin Dean,28,CF,0.0,18,2,2,0,0,0,0,0,0,1,0,0,1,.000,.000,.000,.000,-100,.122,-126,0,0,0,0,0,0,8/H,
Tanner Scott,30,P,0.0,1,0,0,0,0,0,0,0,0,0,0,0,0,,,,,,,,0,0,0,0,0,0,1,
Anthony Banda*,31,P,0.0,1,0,0,0,0,0,0,0,0,0,0,0,0,,,,,,,,0,0,0,0,0,0,1,
William Contreras,27,C,4.0,140,618,532,85,140,26,0,17,71,6,3,79,112,.263,.359,.408,.767,115,.349,122,217,13,3,0,4,4,*2D/37,
Rhys Hoskins,32,1B,1.1,83,319,270,30,65,12,1,12,42,2,1,38,85,.241,.339,.426,.764,113,.337,113,115,6,5,0,6,2,3/HD,
Brice Turang*,25,2B,5.3,140,592,527,89,152,25,2,17,73,23,8,56,132,.288,.356,.440,.796,122,.355,125,232,2,2,2,5,1,*4/H6,
Joey Ortiz,26,SS,0.4,133,461,426,58,96,17,0,7,44,13,3,27,68,.225,.276,.315,.591,66,.268,62,134,10,3,5,0,0,*6/H,
Caleb Durbin,25,3B,2.4,121,443,391,52,99,22,0,10,47,15,6,26,45,.253,.327,.386,.713,100,.322,102,151,9,19,3,4,0,*54H/6,
Isaac Collins#,27,LF,2.3,120,407,346,53,94,21,3,9,54,16,6,50,87,.272,.369,.428,.797,123,.362,130,148,8,5,3,3,0,*7H/9D54,
Jackson Chourio,21,CF,2.3,115,512,480,78,134,33,4,19,71,18,7,25,103,.279,.316,.483,.800,121,.350,121,232,10,3,0,4,1,*879/D,
Sal Frelick*,25,RF,2.9,128,534,475,67,140,17,3,10,54,19,6,42,68,.295,.359,.406,.765,115,.340,114,193,4,7,3,3,0,*98/H35,
Christian Yelich*,33,DH,3.3,134,574,509,83,137,18,0,27,93,16,5,59,150,.269,.350,.464,.814,126,.360,128,236,5,5,0,1,5,*D7/H,
Andrew Vaughn,27,1B,1.2,52,213,189,23,58,9,0,9,41,0,0,17,31,.307,.368,.497,.865,140,.374,139,94,7,3,1,3,0,3/H,
Jake Bauers*,29,UT,0.4,71,180,152,24,34,6,0,7,26,7,0,26,53,.224,.339,.401,.740,107,.336,106,61,1,1,0,1,1,3H7/D19,
Blake Perkins#,28,CF,0.1,40,143,129,22,28,6,1,3,14,5,2,13,40,.217,.294,.349,.643,80,.293,81,45,3,1,0,0,0,8/HD,
Andruw Monasterio,28,SS,0.7,57,113,106,18,30,9,0,4,15,1,1,6,25,.283,.327,.481,.809,124,.353,126,51,1,1,0,0,0,6H3/457,
Garrett Mitchell*,26,CF,0.0,25,78,68,9,14,4,1,0,3,3,0,7,25,.206,.286,.294,.580,64,.270,59,20,0,1,1,1,0,8/H,
Eric Haase,32,C,0.2,30,77,70,11,16,3,0,2,9,0,0,4,31,.229,.289,.357,.647,81,.285,76,25,1,2,1,0,0,2/DH,
Anthony Seigler*,26,3B,-0.1,34,73,62,6,12,1,0,0,5,2,0,8,16,.194,.292,.210,.501,44,.248,45,13,2,1,1,1,0,5H/123D,
Vinny Capra,28,3B,-0.6,24,59,54,6,4,0,0,1,4,1,0,2,15,.074,.121,.130,.250,-30,.154,-21,7,4,1,1,1,0,5/H46D,
Brandon Lockridge,28,OF,0.4,20,53,46,8,12,3,1,0,6,2,0,4,12,.261,.308,.370,.677,90,.301,81,17,0,0,1,2,0,/89H7D,
Danny Jansen,30,C,0.1,16,50,43,6,8,3,0,0,3,0,0,5,11,.186,.280,.256,.536,52,.266,63,11,0,1,0,1,0,2/HD,
Daz Cameron,28,OF,-0.5,21,42,41,7,8,1,0,1,3,1,0,1,13,.195,.214,.293,.507,41,.229,33,12,1,0,0,0,0,9H/7,
Oliver Dunn*,27,3B,-0.2,14,41,36,4,6,2,0,0,6,1,0,2,11,.167,.205,.222,.427,20,.196,5,8,0,0,2,1,0,5/3H,
Tyler Black*,24,UT,0.1,5,13,8,1,2,1,0,0,1,0,1,5,1,.250,.538,.375,.913,164,.395,182,3,0,0,0,0,0,/H379,
Steward Berroa#,26,CF,0.2,2,6,5,0,0,0,0,0,0,1,0,1,2,.000,.167,.000,.167,-47,.308,64,0,0,0,0,0,0,/8,
Drew Avans*,29,LF,-0.1,1,3,2,0,0,0,0,0,1,0,0,0,1,.000,.000,.000,.000,-100,.000,-126,0,0,0,0,1,0,/7,
Ryan Jeffers,28,C,1.2,114,442,386,47,101,24,0,9,44,0,0,48,86,.262,.353,.394,.747,106,.331,108,152,8,7,0,1,1,2D/H,
Ty France,30,1B,0.6,101,387,350,41,88,19,0,6,44,1,0,19,63,.251,.320,.357,.678,87,.309,91,125,8,17,0,1,0,*3/H4,
Kody Clemens*,29,2B,0.7,97,319,286,40,60,10,3,16,43,2,1,24,75,.210,.281,.434,.714,93,.303,88,124,4,5,2,2,1,349/7H18,
Carlos Correa,30,SS,0.1,93,364,337,40,90,19,0,7,31,0,0,26,68,.267,.319,.386,.704,94,.308,91,130,12,0,0,1,0,6/H,
Royce Lewis,26,3B,0.9,89,339,312,33,73,16,0,12,44,7,1,25,62,.234,.289,.401,.690,88,.313,92,125,6,0,0,2,0,5/DH,
Harrison Bader,31,LF,2.8,96,307,271,31,70,13,0,12,38,10,4,27,81,.258,.339,.439,.778,113,.340,113,119,3,7,0,2,0,78H/9,
Byron Buxton,31,CF,4.9,110,470,423,85,116,18,7,30,74,22,0,36,123,.274,.334,.563,.897,141,.390,143,238,0,5,0,6,4,*8/D,AS
Matt Wallner*,27,RF,0.7,98,372,318,44,65,15,3,21,39,3,3,44,111,.204,.315,.469,.783,112,.339,115,149,3,8,0,2,0,9D/H,
Trevor Larnach*,28,DH,0.3,129,518,461,58,117,20,1,16,57,3,4,47,109,.254,.325,.406,.731,100,.325,106,187,15,4,0,5,1,D97/H,
Brooks Lee#,24,IF,-0.9,124,472,436,44,104,14,1,14,57,3,1,28,82,.239,.288,.372,.660,80,.292,79,162,11,4,0,4,0,654H/D,
Willi Castro#,28,UT,0.4,86,344,302,48,74,15,2,10,27,9,3,32,84,.245,.335,.407,.743,104,.326,103,123,9,9,1,0,1,4795/618H,
Christian Vázquez,34,C,-0.1,61,199,178,12,31,7,0,2,13,0,1,16,33,.174,.251,.247,.498,39,.239,42,44,3,3,0,2,0,2/H,
Edouard Julien*,26,IF,-0.9,53,177,154,11,29,8,0,3,11,0,2,19,54,.188,.284,.299,.583,62,.257,58,46,3,2,1,1,0,43/DH6,
Luke Keaschall,22,2B,1.8,38,163,144,20,46,10,0,4,24,12,2,16,20,.319,.399,.472,.871,140,.396,147,68,2,3,0,0,0,4/D,
Austin Martin,26,OF,0.6,35,113,96,15,29,4,1,1,2,6,3,15,17,.302,.396,.396,.792,120,.351,124,38,3,0,2,0,0,78/H4,
Mickey Gasper#,29,UT,-0.2,39,95,80,12,13,1,0,1,9,2,0,10,18,.163,.277,.213,.489,38,.247,43,17,0,3,1,1,0,2HD/347,
DaShawn Keirsey Jr.*,28,OF,-1.2,70,85,82,11,9,0,0,2,6,9,3,2,32,.110,.141,.183,.324,-11,.163,-20,15,1,1,0,0,0,9H78/D,
Jonah Bride,29,3B,-0.2,33,80,72,4,15,2,0,0,3,0,0,6,24,.208,.275,.236,.511,44,.257,54,17,1,1,0,1,0,5H/314D,
James Outman*,28,OF,-0.3,21,65,60,7,10,3,1,1,3,1,0,4,27,.167,.231,.300,.531,45,.262,55,18,0,1,0,0,0,87/9DH,
Alan Roden*,25,OF,-0.5,12,40,38,5,6,1,0,1,1,1,0,0,13,.158,.200,.263,.463,27,.212,17,10,0,2,0,0,0,7/89,
José Miranda,27,3B,-0.3,12,36,36,2,6,0,0,1,5,0,0,0,13,.167,.167,.250,.417,13,.177,-4,9,0,0,0,0,0,5/H,
Ryan Fitzgerald*,31,IF,0.1,14,27,26,4,6,0,0,2,6,0,0,1,3,.231,.259,.462,.721,93,.306,90,12,0,0,0,0,0,/6H4513D,
Carson McCusker,27,RF,-0.2,7,10,10,0,2,0,0,0,0,0,0,0,6,.200,.200,.200,.400,11,.178,-3,2,0,0,0,0,0,/9HD,
Jhonny Pereda,29,C,0.2,3,10,9,0,3,1,0,0,1,0,0,1,2,.333,.400,.444,.844,133,.361,129,4,0,0,0,0,0,/2,
Griffin Jax,30,P,0.0,1,0,0,0,0,0,0,0,0,0,0,0,0,,,,,,,,0,0,0,0,0,0,1,
Kody Funderburk*,28,P,0.0,1,0,0,0,0,0,0,0,0,0,0,0,0,,,,,,,,0,0,0,0,0,0,1,
Jhoan Duran,27,P,0.0,3,0,0,0,0,0,0,0,0,0,0,0,0,,,,,,,,0,0,0,0,0,0,1,
Luis Torrens,29,C,1.2,87,266,244,18,55,13,1,5,29,1,0,19,53,.225,.287,.348,.635,80,.287,80,85,7,2,1,0,0,2/H1D3,
Pete Alonso,30,1B,3.0,145,635,558,76,150,37,1,33,113,1,2,56,142,.269,.346,.516,.863,141,.369,140,288,23,14,0,7,4,*3/D,AS
Jeff McNeil*,33,2B,2.2,107,410,353,40,93,18,5,12,51,3,0,44,45,.263,.353,.445,.798,125,.354,127,157,5,7,2,4,4,487D/9H3,
Francisco Lindor#,31,SS,4.3,143,655,579,99,153,32,0,26,77,28,6,54,123,.264,.339,.454,.793,123,.352,123,263,8,15,0,7,2,*6/DH,AS
Mark Vientos,25,3B,0.4,105,409,374,42,91,20,2,17,57,0,0,26,95,.243,.298,.444,.742,108,.326,108,166,9,5,0,4,0,5D/H3,
Brandon Nimmo*,32,LF,3.0,138,580,517,72,136,27,0,22,80,12,1,48,124,.263,.330,.443,.773,118,.342,117,229,7,7,1,7,1,*7/D8H,
Tyrone Taylor,31,CF,1.0,109,328,298,33,65,17,3,2,25,11,2,16,73,.218,.277,.315,.592,68,.274,68,94,4,9,2,2,1,*8H/79,
Juan Soto*,26,RF,5.8,143,637,510,109,133,17,1,38,94,30,3,118,125,.261,.399,.522,.921,160,.411,163,266,16,3,1,5,11,*9/D,
Starling Marte,36,DH,1.0,87,289,253,33,68,12,0,8,29,7,2,22,55,.269,.344,.411,.755,114,.337,115,104,7,9,1,4,0,DH/79,
Brett Baty*,25,IF,2.8,117,392,355,49,90,12,2,16,44,8,0,32,94,.254,.315,.434,.748,110,.338,114,154,5,1,0,3,0,54H/D,
Francisco Alvarez,23,C,1.7,61,225,200,24,51,10,1,7,24,0,0,23,61,.255,.338,.420,.758,114,.342,119,84,5,2,0,0,0,2/H,
Luisangel Acuña,23,2B,0.4,84,182,166,28,40,7,0,0,7,14,1,11,35,.241,.294,.283,.578,66,.275,61,47,6,2,2,1,0,4H/658,
Ronny Mauricio#,24,3B,0.5,54,169,156,19,36,6,0,6,10,4,0,12,50,.231,.290,.385,.675,90,.307,91,60,5,1,0,0,1,5/H4D6,
Cedric Mullins*,30,CF,0.2,30,110,92,13,16,4,1,1,8,7,0,13,27,.174,.284,.272,.556,60,.290,72,25,0,2,1,2,0,8/H,
Jesse Winker*,31,DH,0.0,26,81,70,8,16,5,2,1,10,1,0,9,21,.229,.309,.400,.709,100,.305,91,28,1,0,0,2,1,D/H7,
Hayden Senger,28,C,-0.1,30,75,69,7,12,1,0,0,4,0,0,3,21,.174,.216,.188,.405,17,.185,8,13,3,1,1,1,0,2/H,
Jared Young*,29,DH,0.1,21,46,42,5,8,1,0,4,6,0,0,2,15,.190,.239,.500,.739,103,.308,96,21,1,1,0,1,0,D/H137,
Jose Siri,29,CF,-0.2,11,28,24,6,2,2,0,0,1,2,0,4,10,.083,.214,.167,.381,11,.207,13,4,0,0,0,0,0,8/H,
José Azócar,29,OF,0.0,12,20,18,5,5,0,0,0,1,1,0,2,1,.278,.350,.278,.628,82,.303,84,5,0,0,0,0,0,/H789,
Travis Jankowski*,34,OF,0.0,4,1,0,1,0,0,0,0,0,0,0,0,0,,,,,,,,0,0,0,1,0,0,/H179D,
Ryne Stanek,33,P,0.0,1,0,0,0,0,0,0,0,0,0,0,0,0,,,,,,,,0,0,0,0,0,0,1,
Edwin Díaz,31,P,0.0,1,0,0,0,0,0,0,0,0,0,0,0,0,,,,,,,,0,0,0,0,0,0,1,AS
Austin Wells*,25,C,0.1,112,404,360,47,77,19,1,20,65,5,1,27,101,.214,.270,.439,.709,94,.304,90,158,9,5,0,11,0,*2/HD,
Paul Goldschmidt,37,1B,1.3,129,484,444,71,123,30,1,10,43,5,1,33,91,.277,.328,.417,.745,107,.327,107,185,7,2,0,2,5,*3H/D8,
Jazz Chisholm Jr.*,27,2B,3.9,112,462,397,69,95,13,1,28,70,27,5,55,129,.239,.336,.489,.825,127,.365,130,194,3,5,1,4,0,45/H,AS
Anthony Volpe,24,SS,1.3,141,556,501,59,103,29,4,19,70,16,7,41,140,.206,.268,.393,.661,82,.286,78,197,10,4,3,7,0,*6/H,
Ryan McMahon*,30,3B,1.1,39,138,117,15,26,7,0,3,15,0,0,17,46,.222,.326,.359,.685,92,.303,91,42,1,2,0,2,0,5/H,
Jasson Domínguez#,22,LF,0.3,114,415,369,55,94,17,1,10,46,21,4,40,113,.255,.328,.388,.715,99,.323,100,143,5,2,0,4,1,*7DH,
Trent Grisham*,28,CF,3.3,127,512,440,75,106,9,1,30,64,3,2,69,115,.241,.348,.470,.818,126,.367,137,207,6,3,0,0,0,*8/H,
Aaron Judge,33,RF,7.6,134,597,483,115,155,28,2,44,98,11,4,104,147,.321,.442,.660,1.103,203,.447,200,319,12,5,0,5,30,9D/H,AS
Ben Rice*,26,DH,1.3,122,470,412,64,99,21,3,23,54,3,2,46,95,.240,.328,.473,.802,120,.342,119,195,15,9,0,2,0,D32H,
Cody Bellinger*,29,OF,5.0,134,575,521,80,144,24,5,28,89,11,2,46,74,.276,.332,.503,.835,129,.356,127,262,7,1,0,7,1,*798/3H,
Giancarlo Stanton,35,DH,1.4,61,219,195,30,54,6,0,19,48,0,0,22,69,.277,.353,.600,.953,159,.405,166,117,4,1,0,0,2,D9H/7,
Oswald Peraza,25,3B,-0.2,71,170,158,18,24,5,0,3,13,3,0,11,47,.152,.212,.241,.452,26,.215,23,38,3,1,0,0,0,54/H6D,
DJ LeMahieu,36,2B,0.7,45,142,128,13,34,3,0,2,12,0,0,14,35,.266,.338,.336,.674,90,.308,94,43,4,0,0,0,0,4/H,
Oswaldo Cabrera#,26,3B,0.4,34,122,107,17,26,4,0,1,11,0,1,11,25,.243,.322,.308,.631,78,.302,93,33,1,2,1,1,0,5/H379,
J.C. Escarra*,30,C,0.0,40,98,84,5,17,5,0,2,11,1,0,11,14,.202,.296,.333,.629,76,.291,80,28,1,1,0,2,0,2/3H5D,
Jorbit Vivas*,24,IF,-0.3,29,66,56,6,9,2,0,1,5,0,0,5,13,.161,.266,.250,.516,46,.241,43,14,0,3,0,0,0,45/H,
José Caballero,28,UT,0.8,26,53,43,8,10,2,0,2,6,9,1,8,8,.233,.346,.419,.765,113,.395,135,18,0,0,1,1,0,9/56H47,
Pablo Reyes,31,UT,-0.6,24,34,31,4,6,1,0,0,2,1,0,2,10,.194,.242,.226,.468,32,.221,24,7,0,0,1,0,0,H/94517D,
Amed Rosario,29,UT,0.2,10,18,18,0,7,2,0,0,1,0,0,0,2,.389,.389,.500,.889,146,.385,150,9,0,0,0,0,0,/95H,
Austin Slater,32,OF,-0.2,4,8,8,0,0,0,0,0,1,0,0,0,5,.000,.000,.000,.000,-100,.000,-130,0,1,0,0,0,0,/79H,
Tyler Matzek*,34,P,0.0,2,0,0,0,0,0,0,0,0,0,0,0,0,,,,,,,,0,0,0,0,0,0,/1,
Yerry De los Santos,27,P,0.0,1,0,0,0,0,0,0,0,0,0,0,0,0,,,,,,,,0,0,0,0,0,0,1,
J.T. Realmuto,34,C,2.8,121,495,453,51,119,25,1,11,47,7,2,33,117,.263,.324,.395,.719,96,.322,95,179,11,8,0,0,1,*2/DH,
Bryce Harper*,32,1B,2.8,117,514,448,65,118,30,0,24,67,11,2,58,109,.263,.352,.491,.843,128,.366,126,220,5,5,0,3,5,*3/D,
Bryson Stott*,27,2B,1.6,131,499,444,60,113,20,3,10,61,23,4,48,80,.255,.326,.381,.707,93,.322,92,169,3,1,2,4,0,*4H,
Trea Turner,32,SS,5.4,140,637,587,94,179,31,7,15,69,36,7,43,107,.305,.356,.458,.815,121,.370,125,269,11,5,0,2,1,*6/DH,
Alec Bohm,28,3B,0.4,111,464,427,47,116,15,3,9,51,2,0,27,79,.272,.319,.384,.703,92,.314,90,164,16,5,0,5,0,*53,
Max Kepler*,32,LF,-0.2,116,434,381,55,82,18,0,15,45,3,0,45,80,.215,.300,.381,.681,85,.300,80,145,10,3,1,4,3,*79H/8,
Brandon Marsh*,27,CF,1.2,118,372,330,50,93,21,1,9,34,5,1,34,93,.282,.345,.433,.778,112,.345,112,143,2,0,3,4,0,*87H/9,
Nick Castellanos,33,RF,-0.8,134,547,510,68,129,26,2,16,65,4,0,29,118,.253,.296,.406,.702,90,.311,88,207,12,4,0,4,0,*9/D,
Kyle Schwarber*,32,DH,4.3,145,648,541,99,130,20,2,50,123,10,2,95,170,.240,.364,.562,.926,149,.395,147,304,2,11,0,1,5,*D/7,AS
Edmundo Sosa,29,IF,1.6,83,241,223,26,61,11,1,7,33,1,1,10,54,.274,.308,.426,.734,99,.322,98,95,5,2,3,2,0,456H/78D,
Johan Rojas,24,CF,0.6,71,172,152,23,34,3,2,1,18,12,2,13,40,.224,.280,.289,.569,57,.272,52,44,2,0,4,3,0,8H/D,
Otto Kemp,25,CI,-0.1,48,168,150,18,35,7,0,5,18,2,2,10,50,.233,.310,.380,.690,88,.307,88,57,2,7,0,1,0,537/H,
Harrison Bader,31,CF,1.1,33,118,105,19,35,7,1,4,13,0,2,9,31,.333,.398,.533,.932,153,.391,152,56,2,3,0,1,0,8/H,
Rafael Marchán#,26,C,0.0,37,102,90,6,16,3,0,1,9,0,0,10,15,.178,.267,.244,.512,42,.240,38,22,1,1,1,0,0,2/H,
Weston Wilson,30,LF,-0.1,40,86,77,10,16,2,0,4,13,0,1,8,24,.208,.291,.390,.680,84,.306,90,30,1,1,0,0,0,7/3H1D45,
Buddy Kennedy,26,CI,-0.1,4,8,7,0,0,0,0,0,0,0,0,1,2,.000,.125,.000,.125,-61,.087,-70,0,0,0,0,0,0,/35DH,
Cal Stevenson*,28,CF,-0.2,5,8,8,0,2,0,0,0,1,0,0,0,2,.250,.250,.250,.500,38,.213,19,2,0,0,0,0,0,/8H,
Kody Clemens*,29,UT,-0.1,7,7,6,0,0,0,0,0,0,0,0,1,0,.000,.143,.000,.143,-56,.100,-60,0,0,0,0,0,0,/H47D,
Garrett Stubbs*,32,DH,0.0,1,0,0,1,0,0,0,0,0,0,0,0,0,,,,,,,,0,0,0,0,0,0,/DH,
Joey Bart,28,C,0.2,84,301,259,18,63,11,1,2,22,1,0,37,84,.243,.349,.317,.665,88,.311,93,82,14,5,0,0,0,2/HD,
Spencer Horwitz*,27,1B,0.6,92,356,319,44,82,21,0,7,39,0,1,34,67,.257,.331,.389,.720,101,.320,101,124,6,2,0,1,1,3/H,
Nick Gonzales,26,2B,0.0,80,341,317,35,87,14,2,5,23,0,2,20,61,.274,.317,.379,.695,94,.304,91,120,9,1,0,3,0,4/6,
Isiah Kiner-Falefa,30,SS,1.6,119,428,401,40,106,20,2,1,35,15,4,17,69,.264,.300,.332,.632,77,.293,78,133,9,4,5,1,0,65/H,
"Ke'Bryan Hayes",28,3B,1.1,100,392,369,34,87,10,2,2,36,10,2,18,81,.236,.279,.290,.569,60,.265,58,107,8,4,1,0,1,*5/H,
Tommy Pham,37,LF,1.5,107,400,353,41,92,17,1,9,50,5,2,40,86,.261,.335,.391,.726,103,.328,106,138,11,2,0,5,3,*7/9HD,
Oneil Cruz*,26,CF,0.6,120,500,430,60,87,17,2,19,56,37,4,61,160,.202,.304,.384,.688,91,.319,90,165,6,4,0,5,4,*8/HD,
Bryan Reynolds#,30,RF,1.3,138,587,529,60,130,35,3,15,70,3,2,51,159,.246,.315,.408,.723,101,.320,100,216,13,4,0,3,1,*9D/H,
Andrew McCutchen,38,DH,0.5,123,500,432,47,105,22,0,13,53,1,1,61,110,.243,.337,.384,.722,102,.319,100,166,11,2,0,3,5,*D/H97,
Jared Triolo,27,IF,1.6,90,298,257,32,57,14,1,5,20,10,2,35,55,.222,.319,.342,.661,85,.318,95,88,4,2,3,1,1,6354/H1D,
Adam Frazier*,33,2B,0.4,78,262,235,22,60,10,0,3,21,7,5,17,45,.255,.318,.336,.654,84,.292,83,79,8,6,1,3,2,47H/9,
Henry Davis,25,C,0.8,77,251,220,23,36,7,0,6,20,1,1,18,70,.164,.240,.277,.517,44,.240,44,61,2,5,3,3,0,2/HD,
Alexander Canario,25,OF,0.3,75,208,191,23,40,5,1,5,18,3,1,16,67,.209,.269,.325,.594,65,.274,67,62,4,0,0,1,0,789H/D,
Jack Suwinski*,26,OF,-0.1,48,147,121,13,16,4,0,3,8,6,1,23,45,.132,.286,.240,.525,49,.258,52,29,1,3,0,0,1,879/HD,
Enmanuel Valdéz*,26,1B,0.1,31,102,91,7,19,4,2,2,12,0,0,11,16,.209,.294,.363,.657,83,.292,81,33,2,0,0,0,0,3/4H9,
Liover Peguero,24,IF,0.1,30,83,76,8,15,1,0,4,8,3,0,5,24,.197,.265,.368,.633,75,.300,80,28,3,2,0,0,0,6/34H,
Endy Rodríguez#,25,UT,-0.5,18,57,52,5,9,4,0,0,2,0,1,5,14,.173,.246,.250,.496,39,.219,35,13,0,0,0,0,0,3/2H,
Matt Gorski,27,UT,-0.3,15,42,41,2,8,0,1,2,4,0,1,1,16,.195,.214,.390,.605,64,.241,53,16,1,0,0,0,0,3/H87,
Ronny Simón#,25,OF,-0.5,8,32,30,4,7,1,0,0,2,1,0,1,8,.233,.250,.267,.517,45,.232,33,8,0,0,0,1,0,/97DH,
Cam Devanney,28,3B,-0.3,8,23,22,0,3,1,0,0,1,0,1,1,11,.136,.174,.182,.356,0,.141,-10,4,0,0,0,0,0,/5H,
Ji Hwan Bae*,25,OF,-0.3,9,15,13,4,1,0,0,0,0,2,0,2,6,.077,.200,.077,.277,-18,.179,-21,1,0,0,0,0,0,/H87D,
Nick Yorke,23,UT,-0.2,5,13,13,0,2,1,0,0,2,0,0,0,4,.154,.154,.231,.385,6,.166,-9,3,1,0,0,0,0,/349,
Nick Solak,30,UT,-0.5,4,11,11,0,1,0,0,0,0,0,0,0,2,.091,.091,.091,.182,-49,.073,-74,1,0,0,0,0,0,/347H,
Brett Sullivan*,31,C,0.1,3,9,6,1,1,0,0,0,2,0,0,1,3,.167,.333,.167,.500,46,.259,57,1,0,1,0,1,0,/2,
Tsung-Che Cheng*,23,MI,-0.1,3,7,7,0,0,0,0,0,0,0,1,0,3,.000,.000,.000,.000,-100,.057,-33,0,0,0,0,0,0,/64,
Billy Cook,26,UT,0.0,3,6,6,1,2,0,0,0,0,0,0,0,1,.333,.333,.333,.667,88,.301,87,2,0,0,0,0,0,/9H38,
Elias Díaz,34,C,-0.2,98,265,239,31,49,7,0,8,27,0,0,21,69,.205,.272,.335,.607,67,.271,63,80,9,1,4,0,0,*2H,
Luis Arráez*,28,1B,0.9,139,610,560,58,158,29,4,7,54,10,3,30,18,.282,.318,.386,.703,94,.312,92,216,11,2,12,6,0,*3D/4H,
Jake Cronenworth*,31,2B,1.8,119,459,373,55,92,20,1,10,52,2,3,61,93,.247,.368,.386,.754,110,.342,115,144,4,14,4,6,0,*43/6HD,
Xander Bogaerts,32,SS,2.1,131,534,473,60,124,29,0,10,49,20,2,48,90,.262,.330,.387,.717,98,.320,93,183,12,4,1,8,3,*6/DH,
Manny Machado,32,3B,3.5,145,620,561,81,155,33,0,23,84,13,3,51,116,.276,.337,.458,.795,118,.347,116,257,15,3,0,5,3,*5D,AS
Ramón Laureano,30,LF,1.0,36,146,134,23,41,6,2,8,25,2,1,10,33,.306,.363,.560,.923,151,.393,150,75,3,2,0,0,0,78/9DH,
Jackson Merrill*,22,CF,2.1,99,414,375,46,98,20,6,10,55,1,2,29,90,.261,.317,.427,.744,104,.321,100,160,3,4,1,5,1,*8/H,
Fernando Tatis Jr.,26,RF,5.4,141,633,541,96,141,27,2,20,62,29,6,84,114,.261,.365,.429,.794,120,.363,124,232,6,6,0,2,7,*9/D,AS
Gavin Sheets*,29,DH,1.0,128,475,431,52,115,25,1,19,64,2,1,37,93,.267,.328,.462,.790,116,.344,115,199,9,4,0,3,1,7DH3,
Jose Iglesias,35,IF,-0.8,103,316,282,26,63,10,0,1,30,5,1,22,53,.223,.294,.270,.563,58,.280,68,76,7,7,3,2,0,46H5D/7,
Martín Maldonado,38,C,-0.3,64,161,147,11,30,6,0,4,12,0,0,8,57,.204,.245,.327,.572,57,.258,53,48,3,0,6,0,0,2,
Tyler Wade*,30,OF,-0.6,59,127,107,13,22,1,2,0,9,1,2,15,31,.206,.309,.252,.561,59,.263,61,27,0,1,4,0,0,8H7/459D61,
"Ryan O'Hearn*",31,DH,0.2,34,121,105,16,27,4,0,3,11,0,0,12,32,.257,.347,.381,.728,102,.323,100,40,1,3,0,1,1,D3/H9,AS
Freddy Fermin,30,C,1.0,28,99,88,12,23,6,0,1,11,0,0,5,20,.261,.301,.364,.665,84,.312,92,32,3,0,6,0,0,2/H,
Jason Heyward*,35,LF,-0.6,34,95,85,9,15,2,0,2,12,0,1,6,20,.176,.223,.271,.494,36,.220,31,23,1,0,0,3,0,7/H98,
Brandon Lockridge,28,OF,-0.2,47,95,88,9,19,4,0,0,5,8,1,4,24,.216,.258,.261,.519,45,.248,35,23,2,1,2,0,0,78H/9,
Bryce Johnson#,29,OF,0.7,46,66,60,6,22,4,0,0,6,3,0,3,16,.367,.406,.433,.840,134,.397,146,26,1,1,2,0,0,78H/9,
Oscar González,27,OF,-0.5,21,61,59,2,13,1,0,0,4,0,1,2,13,.220,.246,.237,.483,35,.209,26,14,1,0,0,0,0,7/9HD,
Trenton Brooks*,29,DH,-0.5,25,43,41,5,6,2,0,1,2,0,0,2,13,.146,.186,.268,.454,24,.198,12,11,2,0,0,0,0,HD/7,
Yuli Gurriel,41,DH,-0.5,16,40,36,2,4,1,0,0,3,0,0,4,8,.111,.200,.139,.339,-3,.169,-9,5,0,0,0,0,0,D/H3,
Luis Campusano,26,DH,-0.4,10,27,21,0,0,0,0,0,0,0,0,6,11,.000,.222,.000,.222,-31,.155,-18,0,2,0,0,0,0,/DH,
Tirso Ornelas*,25,OF,-0.3,7,16,14,0,1,0,0,0,1,0,0,2,2,.071,.188,.071,.259,-24,.144,-26,1,1,0,0,0,0,/7H8D,
Mason McCoy,30,MI,-0.4,9,14,12,2,1,0,0,0,1,1,0,1,6,.083,.214,.083,.298,-13,.177,-15,1,0,1,0,0,0,/6H4D,
Connor Joe,32,UT,-0.2,7,10,9,0,0,0,0,0,0,0,0,1,6,.000,.100,.000,.100,-69,.070,-78,0,0,0,0,0,0,/H378D,
Will Wagner*,26,IF,0.0,10,10,9,1,1,0,0,0,0,0,0,1,2,.111,.200,.111,.311,-10,.160,-15,1,0,0,0,0,0,H/45,
Patrick Bailey#,26,C,1.2,119,403,362,40,79,15,3,5,46,1,0,28,120,.218,.276,.318,.593,71,.266,69,115,7,3,4,6,0,*2H/D,
Dominic Smith*,30,1B,0.4,62,224,203,26,58,12,0,5,33,2,0,15,42,.286,.335,.419,.754,116,.331,114,85,5,2,0,4,0,3/HD9,
Tyler Fitzgerald,27,2B,0.9,72,243,217,19,47,10,1,4,14,9,4,17,70,.217,.278,.327,.606,74,.276,76,71,3,2,6,1,0,4/H9,
Willy Adames,29,SS,2.9,143,612,530,87,122,19,2,28,81,9,2,68,159,.230,.318,.432,.750,114,.330,114,229,9,4,0,9,1,*6/D,
Matt Chapman,32,3B,4.3,112,467,397,67,96,19,2,21,56,9,3,62,109,.242,.351,.458,.810,132,.357,133,182,6,6,0,2,1,*5,
Heliot Ramos,25,LF,1.4,140,620,551,76,146,23,1,17,61,6,4,46,142,.265,.337,.403,.740,113,.324,111,222,14,17,0,6,2,*7/DH,
Jung Hoo Lee*,26,CF,2.2,136,566,513,68,139,30,11,8,51,10,2,44,64,.271,.332,.419,.751,115,.337,118,215,2,5,0,4,0,*8/HD,
Mike Yastrzemski*,34,RF,1.7,96,372,321,38,74,14,1,8,28,6,2,47,86,.231,.330,.355,.685,98,.315,103,114,4,1,2,1,4,9/H1,
Wilmer Flores,33,DH,0.4,114,432,389,41,95,10,0,15,67,1,0,33,80,.244,.313,.386,.698,100,.318,106,150,14,7,0,3,0,D3H/5,
Rafael Devers*,28,DH,1.6,73,320,272,42,67,12,0,16,42,0,0,44,93,.246,.353,.467,.820,134,.356,133,127,8,2,0,2,1,D3/5H,
Casey Schmitt,26,IF,0.9,81,296,266,28,64,13,0,10,35,0,0,22,71,.241,.308,.402,.711,103,.315,104,107,6,5,1,2,0,453/H6D,
Luis Matos,23,RF,-0.3,54,175,164,25,37,9,1,8,21,4,0,10,27,.226,.269,.439,.708,100,.308,95,72,5,0,0,1,0,97/8HD,
Christian Koss,27,2B,1.2,65,170,155,19,40,7,0,3,20,3,1,7,41,.258,.299,.361,.661,90,.307,98,56,4,3,3,2,0,45H/61D,
LaMonte Wade Jr.*,31,1B,-1.1,50,169,144,12,24,8,2,1,15,0,0,21,35,.167,.275,.271,.546,59,.256,62,39,2,1,2,1,1,3/HD,
Andrew Knizner,30,C,0.0,28,74,67,11,14,1,0,1,3,0,0,5,10,.209,.274,.269,.543,58,.284,82,18,0,1,1,0,0,2/DH,
Drew Gilbert*,24,RF,0.2,25,69,65,10,15,4,1,3,12,1,1,3,11,.231,.261,.462,.722,103,.300,96,30,2,0,0,1,0,9/8H7,
Sam Huff,27,C,-0.2,20,58,53,5,11,1,0,2,4,0,0,4,25,.208,.259,.340,.598,71,.264,68,18,2,0,0,1,0,2,
Brett Wisely*,26,IF,0.2,22,54,48,5,10,4,0,1,10,1,1,4,10,.208,.269,.354,.623,78,.271,76,17,0,0,2,0,0,4/H56D,
Daniel Johnson*,29,OF,0.2,14,31,29,5,5,2,0,1,1,1,0,2,8,.172,.226,.345,.571,62,.257,58,10,0,0,0,0,0,/H897,
Jerar Encarnación,27,UT,0.0,10,30,30,3,5,1,0,2,2,1,0,0,7,.167,.167,.400,.567,57,.242,47,12,2,0,0,0,0,/9H37,
David Villar,28,1B,0.0,9,25,20,4,4,1,0,0,1,0,0,4,5,.200,.360,.250,.610,81,.295,90,5,1,1,0,0,0,/3H5D,
Grant McCray*,24,OF,-0.5,13,21,20,1,2,0,1,0,1,0,0,0,10,.100,.100,.200,.300,-16,.124,-37,4,1,0,1,0,0,/97H8,
Logan Porter,29,C,0.0,4,9,7,2,1,0,0,0,1,0,0,1,2,.143,.333,.143,.476,45,.259,65,1,0,1,0,0,0,/21,
Sergio Alcántara#,28,IF,-0.1,1,4,4,0,0,0,0,0,0,0,0,0,2,.000,.000,.000,.000,-100,.000,-117,0,0,0,0,0,0,/56,
Tyler Rogers,34,P,0.0,1,0,0,0,0,0,0,0,0,0,0,0,0,,,,,,,,0,0,0,0,0,0,1,
Hayden Birdsong,23,P,0.0,1,0,0,0,0,0,0,0,0,0,0,0,0,,,,,,,,0,0,0,0,0,0,1,
Ryan Walker,29,P,0.0,1,0,0,0,0,0,0,0,0,0,0,0,0,,,,,,,,0,0,0,0,0,0,1,
Cal Raleigh#,28,C,5.7,142,627,533,95,128,19,0,53,113,14,4,84,168,.240,.349,.574,.923,161,.383,157,306,6,7,0,3,13,*2D/H,AS
Rowdy Tellez*,30,1B,-0.8,62,185,173,20,36,6,0,11,27,1,0,8,49,.208,.249,.434,.682,92,.289,88,75,6,2,0,2,0,3/HD,
Cole Young*,21,2B,0.7,71,243,210,24,46,7,1,4,24,1,0,27,44,.219,.311,.319,.630,84,.282,83,67,3,2,2,2,1,4/H6D,
J.P. Crawford*,30,SS,3.3,141,594,514,62,136,20,0,9,47,7,1,70,109,.265,.355,.356,.711,108,.319,110,183,10,3,6,1,1,*6/H,
Ben Williamson,24,3B,1.2,85,295,277,36,70,13,0,1,21,5,1,15,64,.253,.294,.310,.604,76,.272,75,86,5,1,2,0,0,5/H,
Randy Arozarena,30,LF,4.3,143,629,542,88,132,30,1,27,73,27,6,57,165,.244,.342,.452,.794,128,.354,132,245,8,26,0,4,2,*7/D,AS
Julio Rodríguez,24,CF,5.7,144,640,593,95,158,26,4,30,90,25,6,34,140,.266,.317,.476,.793,125,.350,130,282,14,11,0,2,1,*8/DH,AS
Dominic Canzone*,27,RF,1.0,68,223,201,21,57,9,0,7,20,2,1,18,48,.284,.350,.433,.783,125,.340,126,87,4,3,0,1,0,9H/D,
Jorge Polanco#,31,DH,1.9,123,461,413,56,107,20,0,24,67,6,3,38,71,.259,.322,.482,.804,129,.342,128,199,6,3,2,5,1,D4H/53,
Mitch Garver,34,C,0.0,78,265,232,26,49,5,1,8,28,3,0,29,76,.211,.302,.345,.647,87,.291,89,80,6,2,0,2,1,2DH,
Dylan Moore,32,UT,0.2,88,213,192,29,37,5,0,9,19,12,4,19,76,.193,.263,.359,.622,78,.283,82,69,1,0,0,2,0,H9435/6D8,
Luke Raley*,30,UT,-0.1,64,194,163,20,34,7,0,4,19,2,1,18,56,.209,.323,.325,.648,89,.301,98,53,2,10,2,1,0,93H/D87,
Donovan Solano,37,1B,0.0,69,176,163,10,41,4,1,3,21,0,0,8,38,.252,.295,.344,.639,85,.285,86,56,9,3,0,2,0,3H/5,
Miles Mastrobuoni*,29,UT,0.2,75,172,149,20,37,3,0,1,12,6,3,17,28,.248,.323,.289,.612,80,.277,80,43,2,0,5,1,0,H5497/1D,
Josh Naylor*,28,1B,1.5,39,150,140,21,38,6,0,8,21,14,0,8,26,.271,.315,.486,.801,127,.371,133,68,2,1,0,0,0,3/H,
Eugenio Suárez,33,3B,0.1,36,146,132,19,26,6,0,9,22,3,1,12,50,.197,.267,.447,.714,102,.304,99,59,3,1,0,1,0,5/3,AS
Leody Taveras#,26,RF,-0.6,28,98,92,6,16,3,0,2,9,3,2,3,27,.174,.198,.272,.470,34,.210,32,25,0,0,2,1,0,9/8H,
Leo Rivas#,27,2B,0.8,37,88,72,16,20,2,0,1,7,4,0,15,19,.278,.409,.347,.756,123,.356,130,25,1,1,0,0,0,4H/6D517,
Víctor Robles,28,RF,-0.2,18,77,73,7,20,4,0,0,5,5,0,2,15,.274,.299,.329,.627,82,.285,75,24,1,1,0,1,0,9/8H,
Ryan Bliss,25,2B,-0.2,11,39,35,1,7,1,0,1,3,2,2,4,11,.200,.282,.314,.596,73,.253,72,11,2,0,0,0,0,4,
Rhylan Thomas*,25,OF,0.0,3,10,8,2,1,1,0,0,2,0,0,1,0,.125,.200,.250,.450,29,.282,84,2,0,0,0,1,0,/97,
Samad Taylor,26,OF,-0.1,4,9,8,1,1,0,0,0,0,0,0,0,1,.125,.125,.125,.250,-27,.099,-67,1,0,0,1,0,0,/98H,
Harry Ford,22,C,0.0,3,3,2,1,0,0,0,0,0,0,0,0,1,.000,.333,.000,.333,10,.239,53,0,0,1,0,0,0,/H2,
Emerson Hancock,26,P,0.0,1,0,0,0,0,0,0,0,0,0,0,0,0,,,,,,,,0,0,0,0,0,0,1,
Trent Thornton,31,P,0.0,1,0,0,0,0,0,0,0,0,0,0,0,0,,,,,,,,0,0,0,0,0,0,1,
Zach Pop,28,P,0.0,1,0,0,0,0,0,0,0,0,0,0,0,0,,,,,,,,0,0,0,0,0,0,/1,
Casey Legumina,28,P,0.0,1,0,0,0,0,0,0,0,0,0,0,0,0,,,,,,,,0,0,0,0,0,0,1,
Pedro Pagés,26,C,1.1,103,351,325,36,73,14,0,11,44,0,0,18,95,.225,.270,.369,.639,79,.280,75,120,9,3,3,2,1,*2/34,
Willson Contreras,33,1B,2.4,131,545,477,67,122,30,1,20,78,4,1,42,140,.256,.339,.449,.787,121,.346,121,214,14,20,1,4,1,*3D,
Brendan Donovan*,28,2B,2.4,110,476,423,57,118,25,0,9,45,3,2,40,63,.279,.348,.402,.750,112,.329,110,170,4,7,2,4,3,47/6DH,AS
Masyn Winn,23,SS,2.3,129,537,491,72,124,27,0,9,51,9,5,34,102,.253,.310,.363,.673,90,.298,88,178,11,8,2,2,0,*6/H,
Nolan Arenado,34,3B,1.0,96,394,361,43,85,15,1,10,43,2,0,28,39,.235,.294,.366,.660,86,.297,86,132,7,3,0,2,4,5/DH,
Lars Nootbaar*,27,LF,1.8,120,521,457,65,110,22,1,13,45,4,5,56,104,.241,.328,.379,.707,100,.311,99,173,4,5,0,3,3,*798/HD,
Victor Scott II*,24,CF,2.2,123,421,366,50,81,14,1,5,36,32,3,38,103,.221,.308,.306,.614,75,.294,75,112,3,9,6,2,0,*8/97,
Jordan Walker,23,RF,-1.6,96,346,321,34,69,12,1,5,36,7,3,22,111,.215,.269,.305,.574,63,.268,66,98,7,2,0,1,0,9/H,
Iván Herrera,25,DH,1.5,91,378,329,41,92,12,0,14,55,6,1,35,72,.280,.361,.444,.805,127,.361,130,146,17,9,0,4,0,D2/7H,
Alec Burleson*,26,UT,1.7,124,480,438,48,125,22,1,17,62,5,0,34,68,.285,.335,.457,.792,122,.350,122,200,13,1,1,4,1,379D/H1,
Nolan Gorman*,25,IF,0.7,100,358,310,45,68,12,1,14,46,1,1,44,115,.219,.313,.400,.713,100,.313,98,124,1,0,0,4,2,54D/H3,
Thomas Saggese,23,2B,0.1,66,227,210,19,51,12,0,1,19,2,0,13,66,.243,.288,.314,.602,71,.274,69,66,3,1,1,2,0,456/HD,
Yohel Pozo,28,C,0.4,62,161,153,16,37,8,0,5,19,0,0,7,21,.242,.273,.392,.665,86,.294,85,60,3,0,0,1,0,2H/3D,
Nathan Church*,24,CF,0.3,15,50,42,8,8,1,0,1,7,1,0,2,11,.190,.271,.286,.557,58,.278,68,12,0,3,2,1,0,8/9,
José Fermín,26,UT,0.5,21,46,40,3,12,2,0,1,4,1,1,6,6,.300,.391,.425,.816,132,.356,133,17,0,0,0,0,0,/457H9D,
Luken Baker,28,DH,-0.1,19,41,34,3,8,3,0,0,2,0,0,7,10,.235,.366,.324,.689,98,.319,102,11,3,0,0,0,0,DH/3,
Garrett Hampson,30,UT,-0.3,35,31,29,9,3,1,0,0,1,1,0,1,13,.103,.133,.138,.271,-23,.133,-39,4,1,0,1,0,0,7H/986D145,
Jose Barrero,27,UT,-0.1,22,31,29,4,4,1,0,1,3,0,0,1,9,.138,.194,.276,.469,31,.210,25,8,0,1,0,0,0,/H48695,
Michael Siani*,25,CF,-0.1,19,19,17,4,4,0,0,0,0,0,0,2,7,.235,.316,.235,.551,60,.264,64,4,0,0,0,0,0,8/H,
Jimmy Crooks*,23,C,0.0,6,18,17,2,2,0,0,1,1,0,0,0,6,.118,.167,.294,.461,27,.248,52,5,0,1,0,0,0,/2,
Ryan Vilade,26,OF,-0.1,7,15,13,1,1,0,0,0,0,0,0,2,5,.077,.200,.077,.277,-17,.153,-14,1,1,0,0,0,0,/9H7D,
César Prieto*,26,2B,-0.2,3,6,6,0,1,0,0,0,0,0,0,0,5,.167,.167,.167,.333,-5,.134,-29,1,0,0,0,0,0,/4HD,
Andre Pallante,26,P,0.0,1,0,0,0,0,0,0,0,0,0,0,0,0,,,,,,,,0,0,0,0,0,0,1,
Phil Maton,32,P,0.0,1,0,0,0,0,0,0,0,0,0,0,0,0,,,,,,,,0,0,0,0,0,0,1,
Ryan Helsley,30,P,0.0,1,0,0,0,0,0,0,0,0,0,0,0,0,,,,,,,,0,0,0,0,0,0,1,
Jonah Heim#,30,C,0.5,111,395,360,34,78,13,0,10,41,3,0,29,82,.217,.274,.336,.610,77,.280,83,121,8,1,1,4,0,2D/H,
Jake Burger,29,1B,0.8,91,335,318,39,77,15,1,14,46,1,1,11,80,.242,.275,.428,.702,101,.305,103,136,3,4,0,2,0,3D/H,
Marcus Semien,34,2B,3.3,127,534,470,62,108,16,1,15,62,11,1,50,93,.230,.305,.364,.669,95,.301,97,171,8,5,0,9,0,*4,
Corey Seager*,31,SS,6.0,102,445,380,61,103,19,0,21,50,3,0,58,87,.271,.373,.487,.860,149,.370,151,185,13,5,0,2,10,6/D,
Josh Jung,27,3B,1.3,115,445,419,46,106,18,1,13,54,4,1,24,115,.253,.297,.394,.690,100,.302,100,165,7,2,0,0,0,*5/DH,
Wyatt Langford,23,LF,5.1,124,535,461,70,113,24,1,21,60,18,6,65,142,.245,.340,.438,.778,126,.341,128,202,7,4,0,5,3,*78,
Evan Carter*,22,CF,2.0,63,220,194,31,48,9,2,5,25,14,2,19,41,.247,.336,.392,.728,112,.333,116,76,2,7,0,0,1,8/HD,
Adolis García,32,RF,2.8,125,513,476,56,112,28,0,18,73,13,4,26,127,.235,.277,.408,.684,97,.298,96,194,8,4,0,7,0,*9/DH,
Joc Pederson*,33,DH,-0.3,81,252,220,22,39,9,1,8,21,2,0,27,54,.177,.279,.336,.615,79,.278,82,74,4,4,0,0,0,DH/39,
Josh Smith*,27,IF,2.7,132,519,457,64,116,22,2,9,33,11,3,51,88,.254,.337,.370,.707,107,.321,113,169,3,7,3,1,2,653HD/7948,
Kyle Higashioka,35,C,1.6,83,297,275,31,68,14,1,10,46,3,0,18,60,.247,.296,.415,.711,105,.311,106,114,5,2,0,2,0,2D/H,
Ezequiel Durán,26,IF,0.3,74,186,172,13,39,13,0,0,14,8,2,8,48,.227,.276,.302,.578,69,.257,64,52,3,4,1,1,0,36H45/91D7,
Sam Haggerty#,31,OF,0.8,64,182,162,31,41,7,3,2,13,12,4,16,37,.253,.328,.370,.698,104,.334,121,60,1,2,1,0,1,H78D/49,
Alejandro Osuna*,22,LF,-0.1,48,125,103,8,19,1,0,1,8,4,3,18,26,.184,.312,.223,.535,61,.249,65,23,0,2,0,2,1,79/DH8,
Rowdy Tellez*,30,1B,0.1,35,95,86,10,21,3,0,4,13,0,0,7,26,.244,.305,.419,.724,109,.319,114,36,3,1,0,1,0,3/HD1,
Leody Taveras#,26,CF,0.0,30,82,79,7,19,3,1,1,8,6,1,2,23,.241,.259,.342,.601,74,.268,67,27,0,0,1,0,0,8/H,
Cody Freeman,24,UT,-0.2,21,67,64,9,13,2,0,2,8,0,0,2,8,.203,.224,.328,.552,59,.234,51,21,3,0,0,1,0,4/59DH,
Michael Helman,29,CF,1.0,22,58,51,14,13,2,1,5,17,3,0,6,9,.255,.333,.627,.961,172,.421,180,32,0,0,1,0,0,8/H6,
Dustin Harris*,25,OF,0.2,18,43,40,4,8,3,0,1,2,1,1,3,13,.200,.256,.350,.606,75,.258,73,14,1,0,0,0,0,/78H9D,
Kevin Pillar,36,OF,-0.1,20,43,43,6,9,2,0,0,1,3,0,0,8,.209,.209,.256,.465,35,.213,24,11,0,0,0,0,0,/8H9D7,
Dylan Moore,32,IF,0.2,8,16,15,3,4,0,0,1,4,1,0,0,3,.267,.250,.467,.717,103,.308,95,7,0,0,0,1,0,/4DH3,
Tucker Barnhart*,34,C,0.0,8,15,13,0,3,0,0,0,0,0,0,1,4,.231,.333,.231,.564,70,.272,79,3,2,1,0,0,0,/21,
Blaine Crim,28,1B,-0.2,5,13,11,1,0,0,0,0,0,0,0,1,6,.000,.154,.000,.154,-49,.108,-40,0,0,1,0,0,0,/3DH,
Nick Ahmed,35,SS,0.1,5,10,9,1,0,0,0,0,0,1,0,1,3,.000,.100,.000,.100,-67,.182,-3,0,1,0,0,0,0,/6,
Justin Foscue,26,1B,-0.1,4,9,9,0,1,1,0,0,2,0,0,0,3,.111,.111,.222,.333,-6,.138,-19,2,0,0,0,0,0,/3DH,
Billy McKinney*,30,DH,-0.1,2,8,7,1,1,0,0,0,0,0,0,1,1,.143,.250,.143,.393,20,.197,24,1,0,0,0,0,0,/7D,
Jonathan Ornelas,25,MI,0.0,4,6,5,0,0,0,0,0,0,0,0,1,3,.000,.167,.000,.167,-45,.114,-35,0,0,0,0,0,0,/64,
Jack Leiter,25,P,0.0,1,1,1,0,0,0,0,0,0,0,0,0,1,.000,.000,.000,.000,-100,.000,-127,0,0,0,0,0,0,1/H,
Luis Curvelo,24,P,0.0,1,0,0,0,0,0,0,0,0,0,0,0,0,,,,,,,,0,0,0,0,0,0,1,
Hoby Milner*,34,P,0.0,2,0,0,0,0,0,0,0,0,0,0,0,0,,,,,,,,0,0,0,0,0,0,1,
Shawn Armstrong,34,P,0.0,1,0,0,0,0,0,0,0,0,0,0,0,0,,,,,,,,0,0,0,0,0,0,1,
Robert Garcia,29,P,0.0,1,0,0,0,0,0,0,0,0,0,0,0,0,,,,,,,,0,0,0,0,0,0,1,
Alejandro Kirk,26,C,2.2,116,455,405,41,118,17,0,12,65,1,0,45,50,.291,.360,.422,.783,115,.342,114,171,14,1,0,4,2,*2H/D,AS
Vladimir Guerrero Jr.,26,1B,4.9,138,606,520,92,158,33,0,23,79,6,2,76,85,.304,.396,.500,.896,144,.383,145,260,14,6,0,4,7,*3D/H,AS
Andrés Giménez*,26,2B,0.9,85,317,284,35,60,8,0,7,27,12,1,20,55,.211,.288,.313,.601,66,.283,66,89,6,11,1,1,0,4/H6,
Bo Bichette,27,SS,3.3,139,628,582,78,181,44,1,18,94,4,3,40,91,.311,.357,.483,.840,128,.364,131,281,17,3,0,3,2,*6/DH,
Ernie Clement,29,3B,3.2,139,523,483,71,133,28,2,9,42,5,4,24,56,.275,.312,.398,.710,93,.305,89,192,13,4,7,5,1,5463H,
Davis Schneider,26,LF,1.2,67,182,154,27,37,5,0,10,29,2,1,26,52,.240,.357,.468,.825,124,.370,135,72,3,2,0,0,0,74H/5D,
Myles Straw,30,CF,2.8,121,276,247,47,65,13,0,4,30,11,1,17,44,.263,.312,.364,.676,85,.311,86,90,5,1,10,1,0,*8H79/4,
Addison Barger*,25,RF,1.2,118,444,408,56,102,28,1,19,65,4,1,30,109,.250,.305,.463,.768,107,.323,100,189,6,3,0,2,4,59H/D,
George Springer,35,DH,3.9,122,505,427,93,128,21,1,28,73,16,0,60,92,.300,.393,.550,.943,156,.407,158,235,11,8,0,4,3,D98/7H,
Nathan Lukes*,30,OF,1.3,118,383,337,48,86,16,1,10,58,2,4,35,53,.255,.326,.398,.724,98,.311,95,134,11,2,6,3,2,*978H/D,
Daulton Varsho*,28,CF,2.2,55,212,190,32,44,10,1,18,47,2,0,16,62,.232,.288,.579,.867,130,.355,123,110,0,1,0,5,1,8/HD,
Anthony Santander#,30,DH,-1.0,50,209,184,14,33,5,0,6,18,0,0,24,55,.179,.273,.304,.577,59,.257,53,56,6,0,0,1,1,D9/7H3,
Tyler Heineman#,34,C,1.9,54,154,132,23,40,8,1,3,19,2,0,12,27,.303,.377,.447,.824,126,.357,124,59,1,5,3,2,0,2/H1,
Will Wagner*,26,3B,-0.5,40,132,114,13,27,7,0,0,7,1,0,15,26,.237,.336,.298,.634,77,.311,91,34,2,2,1,0,0,53/DH4,
Alan Roden*,25,LF,-0.1,43,113,98,12,20,5,1,1,8,0,1,8,24,.204,.283,.306,.589,62,.256,55,30,0,4,0,3,0,79/H8,
Jonatan Clase#,23,LF,-0.2,34,112,100,10,21,3,0,2,9,3,1,10,28,.210,.288,.300,.588,63,.264,57,30,1,1,1,0,0,7/8H9D,
Joey Loperfido*,26,LF,0.5,31,91,83,10,29,3,0,3,10,1,2,4,24,.349,.400,.494,.894,144,.390,156,41,2,3,1,0,0,7/9H,
Ty France,30,1B,0.6,28,85,76,9,24,6,0,1,8,0,0,3,15,.316,.365,.434,.799,119,.342,115,33,3,4,0,2,1,3/HD,
Leo Jiménez,24,MI,-0.3,18,32,29,2,2,0,0,1,1,0,0,2,8,.069,.129,.172,.301,-18,.167,-16,5,1,0,1,0,0,4/H6D,
Michael Stefanic,29,2B,0.0,9,25,22,1,4,0,0,0,0,0,0,3,3,.182,.280,.182,.462,31,.221,27,4,0,0,0,0,0,/4H16,
Ali Sánchez,28,C,-0.2,8,21,21,2,5,2,0,0,0,0,0,0,5,.238,.238,.333,.571,55,.240,41,7,1,0,0,0,0,/213H,
Isiah Kiner-Falefa,30,IF,-0.1,4,13,12,2,3,1,0,0,4,0,0,0,4,.250,.308,.333,.641,77,.287,75,4,0,1,0,0,0,/54H,
Will Robertson*,27,OF,-0.2,3,12,10,0,1,0,0,0,1,0,0,1,7,.100,.250,.100,.350,2,.191,5,1,1,1,0,0,0,/789,
Buddy Kennedy,26,IF,-0.1,2,6,5,1,1,1,0,0,0,0,0,1,1,.200,.333,.400,.733,101,.321,100,2,0,0,0,0,0,/45,
Nick Sandlin,28,P,0.0,1,0,0,0,0,0,0,0,0,0,0,0,0,,,,,,,,0,0,0,0,0,0,1,
Jeff Hoffman,32,P,0.0,2,0,0,0,0,0,0,0,0,0,0,0,0,,,,,,,,0,0,0,0,0,0,1,
Yimi García,34,P,0.0,1,0,0,0,0,0,0,0,0,0,0,0,0,,,,,,,,0,0,0,0,0,0,1,
Keibert Ruiz#,26,C,0.7,68,267,255,19,63,12,0,2,25,0,2,8,26,.247,.277,.318,.595,69,.272,73,81,4,3,0,1,0,2/H,
Nathaniel Lowe*,29,1B,-0.4,119,490,440,50,95,17,2,16,68,1,0,47,130,.216,.292,.373,.665,88,.297,88,164,5,1,0,2,0,*3/DH,
Luis García Jr.*,25,2B,0.5,125,479,442,62,115,27,1,13,61,13,5,26,73,.260,.299,.414,.713,100,.314,99,183,5,2,0,9,1,*4H/D,
CJ Abrams*,24,SS,3.7,128,566,514,87,138,33,5,17,53,29,3,35,101,.268,.331,.451,.782,120,.354,122,232,4,14,1,2,1,*6/H,
Brady House,22,3B,-0.6,60,227,216,22,53,10,0,3,27,5,2,6,64,.245,.260,.333,.593,68,.258,60,72,10,0,0,5,0,5/H,
James Wood*,22,LF,3.6,142,625,539,79,140,34,0,27,88,15,6,80,195,.260,.357,.473,.830,134,.361,133,255,9,3,0,3,8,*7D/H,AS
Jacob Young,25,CF,0.9,107,333,295,31,68,10,1,1,27,14,10,25,56,.231,.296,.281,.578,66,.267,70,83,5,3,9,1,0,*8/HD,
Dylan Crews,23,RF,0.7,68,259,234,36,48,6,2,8,23,14,4,20,68,.205,.282,.350,.632,79,.291,81,82,1,5,0,0,0,98/D,
Josh Bell#,32,DH,0.8,125,485,423,48,98,13,1,20,58,0,3,54,77,.232,.324,.409,.733,107,.322,108,173,14,5,0,3,1,D3/H,
Daylen Lile*,22,RF,-0.1,74,286,262,42,74,13,8,5,29,8,5,15,46,.282,.327,.450,.778,119,.346,124,118,5,4,1,3,0,97/DH,
Riley Adams,29,C,0.7,71,245,226,27,46,8,0,8,24,1,0,17,90,.204,.265,.345,.610,72,.279,75,78,6,2,0,0,0,2/H3D,
Alex Call,30,OF,1.1,72,237,197,30,54,9,2,3,26,1,1,26,36,.274,.371,.386,.756,116,.345,123,76,5,6,5,3,0,97H/D8,
Paul DeJong,31,3B,0.0,46,177,164,16,38,8,0,6,22,4,0,9,56,.232,.271,.390,.661,86,.291,80,64,3,1,0,3,0,546/D3,
José Tena*,24,3B,0.4,50,169,152,19,37,13,2,0,16,3,1,15,37,.243,.314,.355,.669,90,.298,88,54,4,1,0,1,0,5/4HD,
Robert Hassell III*,23,CF,0.0,53,161,154,18,35,7,0,3,15,2,0,7,45,.227,.261,.331,.592,67,.269,66,51,4,0,0,0,0,89/7HD,
Amed Rosario,29,IF,0.2,46,158,148,19,40,8,0,5,18,1,0,7,22,.270,.310,.426,.736,107,.327,108,63,5,2,0,1,0,54H/D169,
Nasim Nuñez#,24,MI,0.4,26,57,51,8,11,2,0,2,9,7,1,5,10,.216,.286,.373,.658,86,.312,84,19,1,0,1,0,0,6/4H8,
Drew Millas#,27,C,0.2,18,55,49,6,15,5,1,0,7,2,0,4,7,.306,.358,.449,.807,128,.358,125,22,0,0,1,0,0,2/DH,
Andrés Chaparro,26,1B,-0.3,19,45,39,2,6,2,0,1,2,0,0,4,16,.154,.244,.282,.526,50,.239,47,11,0,1,0,1,0,3/HD,
Jorge Alfaro,32,C,0.1,4,12,12,1,4,1,0,0,2,0,0,0,4,.333,.333,.417,.750,112,.405,164,5,0,0,0,0,0,/2,
Trey Lipscomb,25,IF,0.1,3,4,4,1,2,0,0,0,0,0,0,0,1,.500,.500,.500,1.000,187,.427,179,2,0,0,0,0,0,/356H,
CJ Stubbs,28,C,0.0,1,3,3,0,0,0,0,0,0,0,0,0,0,.000,.000,.000,.000,-100,.000,-123,0,0,0,0,0,0,/2,
Shinnosuke Ogasawara*,27,P,0.0,1,1,1,0,0,0,0,0,0,0,0,0,1,.000,.000,.000,.000,-100,.000,-117,0,0,0,0,0,0,1,
PJ Poulin,28,P,0.0,1,0,0,0,0,0,0,0,0,0,0,0,0,,,,,,,,0,0,0,0,0,0,1,
Konnor Pilkington*,27,P,0.0,1,0,0,0,0,0,0,0,0,0,0,0,0,,,,,,,,0,0,0,0,0,0,1,
Cade Cavalli,26,P,0.0,1,0,0,0,0,0,0,0,0,0,0,0,0,,,,,,,,0,0,0,0,0,0,/1,
Jackson Rutledge,26,P,0.0,1,0,0,0,0,0,0,0,0,0,0,0,0,,,,,,,,0,0,0,0,0,0,1,
Jose A. Ferrer*,25,P,0.0,1,0,0,0,0,0,0,0,0,0,0,0,0,,,,,,,,0,0,0,0,0,0,1,
