Franchise, From, To, G, W, L, W-L%, G>.500, Divs, Pnnts, WS, Playoff, Players, HOF#, R, AB, H, HR, BA, RA, ERA
Zac Gallen,29,SP,1.3,11,14,.440,4.84,30,30,0,0,0,0,174.2,163,99,94,28,60,1,157,4,0,2,740,91,4.53,1.277,8.4,1.4,3.1,8.1,2.62,
Brandon Pfaadt,26,SP,0.8,13,8,.619,5.18,29,29,0,0,0,0,153.0,178,91,88,22,33,2,129,11,0,3,673,85,4.19,1.379,10.5,1.3,1.9,7.6,3.91,
Ryne Nelson,27,SP,3.0,7,3,.700,3.48,30,20,4,0,0,1,137.0,108,57,53,15,36,0,118,4,0,1,549,126,3.72,1.051,7.1,1.0,2.4,7.8,3.28,
Eduardo Rodríguez*,32,SP,-0.1,7,8,.467,5.22,25,25,0,0,0,0,131.0,156,84,76,21,53,2,124,1,1,3,596,84,4.57,1.595,10.7,1.4,3.6,8.5,2.34,
Merrill Kelly,36,SP,3.1,9,6,.600,3.22,22,22,0,0,0,0,128.2,98,53,46,14,38,0,121,1,1,0,514,137,3.59,1.057,6.9,1.0,2.7,8.5,3.18,
Corbin Burnes,30,SP,2.1,3,2,.600,2.66,11,11,0,0,0,0,64.1,49,23,19,7,26,1,63,3,2,1,265,166,3.95,1.166,6.9,1.0,3.6,8.8,2.42,
Shelby Miller,34,CL,1.6,3,3,.500,1.98,37,0,21,0,0,10,36.1,24,11,8,3,11,3,40,3,0,0,143,223,3.17,0.963,5.9,0.7,2.7,9.9,3.64,
Jalen Beeks*,31,RP,0.9,5,1,.833,3.74,55,1,9,0,0,1,53.0,40,24,22,5,20,2,43,2,0,1,216,118,3.99,1.132,6.8,0.8,3.4,7.3,2.15,
Ryan Thompson,33,RP,0.0,2,2,.500,4.33,40,0,7,0,0,1,35.1,38,20,17,4,13,2,32,2,1,0,153,102,4.08,1.443,9.7,1.0,3.3,8.2,2.46,
Juan Morillo,26,RP,0.1,0,3,.000,4.55,38,0,5,0,0,1,31.2,36,19,16,2,20,0,32,1,0,3,143,98,3.93,1.768,10.2,0.6,5.7,9.1,1.60,
Kyle Backhus*,27,RP,0.0,0,3,.000,4.44,30,0,9,0,0,1,24.1,27,13,12,3,6,0,22,2,0,1,108,100,3.92,1.356,10.0,1.1,2.2,8.1,3.67,
Anthony DeSclafani,35,,0.0,1,2,.333,5.00,12,4,5,0,0,2,36.0,34,21,20,9,11,2,33,5,0,0,156,89,5.89,1.250,8.5,2.3,2.8,8.3,3.00,
Jake Woodford,28,,0.2,0,3,.000,4.64,19,0,7,0,0,3,33.0,37,18,17,1,10,0,19,2,0,0,148,96,3.48,1.424,10.1,0.3,2.7,5.2,1.90,
John Curtiss,32,,0.5,2,1,.667,3.26,24,0,10,0,0,0,30.1,23,12,11,4,4,0,19,0,0,0,115,136,4.00,0.890,6.8,1.2,1.2,5.6,4.75,
Kevin Ginkel,31,,-0.8,1,4,.200,7.36,29,0,9,0,0,3,25.2,29,22,21,2,13,0,29,2,0,1,121,60,3.65,1.636,10.2,0.7,4.6,10.2,2.23,
Nabil Crismatt,30,,0.6,2,0,1.000,3.24,5,4,0,0,0,0,25.0,28,11,9,3,7,0,17,0,0,1,107,137,4.18,1.400,10.1,1.1,2.5,6.1,2.43,
Andrew Saalfrank*,27,,1.4,1,1,.500,1.11,23,0,7,0,0,3,24.1,16,4,3,1,6,1,18,0,0,2,93,401,2.94,0.904,5.9,0.4,2.2,6.7,3.00,
Bryce Jarvis,27,,-0.1,0,0,,6.10,11,0,6,0,0,1,20.2,21,14,14,3,9,0,20,1,0,0,91,73,4.55,1.452,9.1,1.3,3.9,8.7,2.22,
Kendall Graveman,34,,-0.3,1,0,1.000,7.13,19,0,4,0,0,0,17.2,23,14,14,2,12,0,9,1,0,0,82,63,5.80,1.981,11.7,1.0,6.1,4.6,0.75,
Justin Martínez,23,,0.2,1,2,.333,4.11,17,0,9,0,0,5,15.1,7,8,7,1,12,1,22,3,0,2,67,109,4.06,1.239,4.1,0.6,7.0,12.9,1.83,
Joe Mantiply*,34,,-0.8,0,1,.000,15.83,10,0,4,0,0,0,9.2,26,17,17,5,3,1,8,1,0,0,58,29,9.45,3.000,24.2,4.7,2.8,7.4,2.67,
Tayler Scott,33,,-0.4,0,0,,9.00,6,0,3,0,0,0,9.0,13,9,9,3,4,0,7,0,0,0,44,51,7.26,1.889,13.0,3.0,4.0,7.0,1.75,
A.J. Puk*,30,,0.2,0,0,,3.38,8,0,5,0,0,4,8.0,8,3,3,2,2,0,12,1,0,1,35,136,4.52,1.250,9.0,2.3,2.3,13.5,6.00,
Taylor Rashi,29,,0.1,0,1,.000,4.70,4,0,3,0,0,2,7.2,7,4,4,0,3,0,8,0,0,1,33,98,2.23,1.304,8.2,0.0,3.5,9.4,2.67,
Scott McGough,35,,0.0,0,0,,6.43,7,0,2,0,0,0,7.0,6,5,5,1,6,0,5,1,0,0,35,72,6.57,1.714,7.7,1.3,7.7,6.4,0.83,
Cristian Mena,22,,0.4,1,0,1.000,1.35,3,0,0,0,0,0,6.2,3,1,1,1,3,0,8,0,0,1,26,342,4.04,0.900,4.1,1.4,4.1,10.8,2.67,
Juan Burgos,25,,-0.5,1,1,.500,8.10,9,0,0,0,0,0,6.2,10,7,6,2,6,1,6,0,0,0,35,57,7.94,2.400,13.5,2.7,8.1,8.1,1.00,
Tommy Henry*,27,,0.1,0,0,,4.05,2,0,1,0,0,0,6.2,6,3,3,3,1,0,8,1,0,0,26,114,7.49,1.050,8.1,4.1,1.4,10.8,8.00,
José Castillo*,29,,-0.3,0,1,.000,11.37,5,0,2,0,0,0,6.1,10,8,8,3,3,0,3,0,3,0,31,41,9.78,2.053,14.2,4.3,4.3,4.3,1.00,
Andrew Hoffmann,25,,-0.4,1,1,.500,8.53,7,0,2,0,0,0,6.1,6,6,6,1,5,0,7,0,0,0,30,54,5.35,1.737,8.5,1.4,7.1,9.9,1.40,
Brandyn Garcia*,25,,-0.2,0,1,.000,9.00,4,0,0,0,0,0,5.0,7,6,5,0,3,0,4,1,0,0,25,52,3.94,2.000,12.6,0.0,5.4,7.2,1.33,
Jeff Brigham,33,,0.0,0,0,,8.10,4,0,1,0,0,0,3.1,7,3,3,1,1,0,3,0,0,0,18,60,6.14,2.400,18.9,2.7,2.7,8.1,3.00,
Yilber Díaz,24,,-0.1,0,0,,9.00,1,0,1,0,0,0,3.0,4,3,3,0,3,0,1,0,0,1,15,54,5.48,2.333,12.0,0.0,9.0,3.0,0.33,
Drey Jameson,27,,0.2,0,1,.000,3.00,3,0,2,0,0,1,3.0,4,2,1,0,3,0,0,0,0,1,13,163,6.14,2.333,12.0,0.0,9.0,0.0,0.00,
Christian Montes De Oca,25,,0.1,0,0,,0.00,1,0,0,0,0,0,2.2,0,0,0,0,1,0,2,0,0,0,9,,2.77,0.375,0.0,0.0,3.4,6.8,2.00,
Trevor Richards,32,,0.0,0,0,,3.38,2,0,1,0,0,0,2.2,4,1,1,0,0,0,3,0,0,1,11,147,0.89,1.500,13.5,0.0,0.0,10.1,,
J.P. Feyereisen,32,,-0.2,0,1,.000,9.00,2,0,2,0,0,0,2.0,3,3,2,1,0,0,2,0,0,0,9,57,7.64,1.500,13.5,4.5,0.0,9.0,,
Kyle Nelson*,28,,-0.1,0,0,,9.00,3,0,1,0,0,1,2.0,1,2,2,1,4,0,2,0,0,1,11,57,13.64,2.500,4.5,4.5,18.0,9.0,0.50,
José Herrera,28,,0.0,0,0,,4.50,2,0,2,0,0,0,2.0,4,1,1,0,0,0,0,0,0,0,10,115,3.14,2.000,18.0,0.0,0.0,0.0,,
Casey Kelly,35,,0.1,0,0,,0.00,2,0,2,0,0,0,1.2,1,0,0,0,1,0,0,0,0,1,6,,4.94,1.200,5.4,0.0,5.4,0.0,0.00,
Bryce Elder,26,SP,-0.5,7,9,.438,5.35,25,25,0,0,0,0,138.0,146,85,82,20,48,1,111,6,0,2,602,78,4.59,1.406,9.5,1.3,3.1,7.2,2.31,
Grant Holmes,29,SP,1.3,4,9,.308,3.99,22,21,1,0,0,0,115.0,100,52,51,16,54,1,123,7,0,5,492,105,4.40,1.339,7.8,1.3,4.2,9.6,2.28,
Spencer Schwellenbach,25,SP,2.1,7,4,.636,3.09,17,17,0,1,0,0,110.2,89,44,38,13,18,1,108,2,0,2,434,135,3.26,0.967,7.2,1.1,1.5,8.8,6.00,
Spencer Strider,26,SP,0.4,5,13,.278,4.86,20,20,0,0,0,0,107.1,106,59,58,18,44,0,114,7,0,1,464,86,4.63,1.398,8.9,1.5,3.7,9.6,2.59,
Chris Sale*,36,SP,3.4,5,4,.556,2.38,17,17,0,0,0,0,102.0,85,29,27,8,27,0,132,8,0,2,415,176,2.60,1.098,7.5,0.7,2.4,11.6,4.89,AS
Joey Wentz*,27,SP,-0.1,3,5,.375,5.12,11,10,0,0,0,0,51.0,49,30,29,5,18,1,49,0,0,1,215,82,3.56,1.314,8.6,0.9,3.2,8.6,2.72,
Raisel Iglesias,35,CL,0.8,4,6,.400,3.62,62,0,49,0,0,25,59.2,48,25,24,8,12,2,64,2,0,0,237,116,3.45,1.006,7.2,1.2,1.8,9.7,5.33,
Dylan Lee*,30,RP,0.8,2,4,.333,3.34,67,0,6,0,0,2,62.0,51,25,23,12,14,1,67,0,3,3,246,126,4.18,1.048,7.4,1.7,2.0,9.7,4.79,
Aaron Bummer*,31,RP,0.1,3,2,.600,3.81,42,2,5,0,0,0,54.1,51,27,23,3,17,4,51,11,0,1,235,110,3.53,1.252,8.4,0.5,2.8,8.4,3.00,
Pierce Johnson,34,RP,1.5,3,3,.500,2.39,57,0,11,0,0,1,52.2,38,15,14,6,18,2,52,1,0,2,205,176,3.73,1.063,6.5,1.0,3.1,8.9,2.89,
Enyel De Los Santos,29,RP,-0.3,3,3,.500,4.53,43,0,6,0,0,0,43.2,39,25,22,2,18,2,38,2,1,2,189,93,3.37,1.305,8.0,0.4,3.7,7.8,2.11,
AJ Smith-Shawver,22,,0.3,3,2,.600,3.86,9,9,0,0,0,0,44.1,42,20,19,4,21,0,42,1,0,3,192,109,3.91,1.421,8.5,0.8,4.3,8.5,2.00,
Hurston Waldrep,23,,1.8,4,0,1.000,1.33,7,6,0,0,0,0,40.2,27,6,6,2,16,1,38,2,0,0,160,317,3.24,1.057,6.0,0.4,3.5,8.4,2.38,
Daysbel Hernández,28,,0.3,4,3,.571,3.41,39,0,6,0,0,0,37.0,27,16,14,3,30,1,33,2,0,2,164,124,5.01,1.541,6.6,0.7,7.3,8.0,1.10,
Rafael Montero,34,,-0.4,0,1,.000,5.50,36,0,11,0,0,0,34.1,27,22,21,3,21,2,34,0,0,0,150,77,4.13,1.398,7.1,0.8,5.5,8.9,1.62,
Dylan Dodd*,27,,0.2,0,0,,3.81,23,0,12,0,0,0,28.1,24,12,12,5,2,0,25,1,0,1,110,111,3.99,0.918,7.6,1.6,0.6,7.9,12.50,
Erick Fedde,32,,-0.7,1,2,.333,8.10,5,4,0,0,0,0,23.1,30,21,21,3,13,0,13,1,0,0,111,52,5.50,1.843,11.6,1.2,5.0,5.0,1.00,
Austin Cox*,28,,-0.7,0,0,,8.86,13,1,4,0,0,0,21.1,30,21,21,9,7,0,22,0,0,2,102,48,7.55,1.734,12.7,3.8,3.0,9.3,3.14,
Scott Blewett,29,,0.0,2,0,1.000,5.51,11,1,6,0,0,0,16.1,16,11,10,5,10,0,13,0,0,0,72,77,7.37,1.592,8.8,2.8,5.5,7.2,1.30,
Tyler Kinley,34,,0.8,4,0,1.000,0.57,16,0,3,0,0,0,15.2,6,1,1,0,5,0,16,1,1,1,60,743,2.25,0.702,3.4,0.0,2.9,9.2,3.20,
Carlos Carrasco,38,,-0.6,0,0,,9.88,3,3,0,0,0,0,13.2,22,15,15,3,7,0,9,0,0,1,70,43,6.22,2.122,14.5,2.0,4.6,5.9,1.29,
Didier Fuentes,20,,-0.9,0,3,.000,13.85,4,4,0,0,0,0,13.0,23,20,20,6,6,0,12,2,0,1,69,31,9.14,2.231,15.9,4.2,4.2,8.3,2.00,
Davis Daniel,28,,0.0,0,1,.000,5.40,3,2,1,0,0,0,10.0,9,6,6,1,7,0,9,1,0,0,46,80,5.04,1.600,8.1,0.9,6.3,8.1,1.29,
Hunter Stratton,28,,0.2,0,1,.000,1.86,6,0,4,0,0,1,9.2,10,3,2,0,2,0,7,2,0,0,43,233,2.94,1.241,9.3,0.0,1.9,6.5,3.50,
Jesse Chavez,41,,-0.3,0,1,.000,9.00,4,0,0,0,0,0,8.0,14,8,8,4,5,0,8,0,0,0,43,48,9.52,2.375,15.8,4.5,5.6,9.0,1.60,
Cal Quantrill,30,,-0.5,0,2,.000,13.50,2,2,0,0,0,0,8.0,14,12,12,5,5,0,3,0,0,0,43,32,12.39,2.375,15.8,5.6,5.6,3.4,0.60,
José Suarez*,27,,0.1,1,0,1.000,2.45,3,0,1,0,0,0,7.1,3,3,2,1,7,1,5,0,0,0,30,179,6.42,1.364,3.7,1.2,8.6,6.1,0.71,
Dane Dunning,30,,-0.3,0,0,,12.15,5,0,1,0,0,0,6.2,8,9,9,1,2,0,8,1,0,0,31,36,4.04,1.500,10.8,1.4,2.7,10.8,4.00,
Michael Petersen,31,,0.0,0,0,,4.05,4,0,2,0,0,0,6.2,7,3,3,1,2,0,5,0,0,1,28,109,4.49,1.350,9.5,1.4,2.7,6.8,2.50,
Wander Suero,33,,-0.3,0,0,,11.37,5,0,2,0,0,0,6.1,10,8,8,3,4,0,7,0,1,0,32,39,8.99,2.211,14.2,4.3,5.7,9.9,1.75,
Luke Williams,28,,0.1,0,0,,3.00,6,0,5,0,0,0,6.0,6,2,2,1,1,0,4,0,0,0,25,148,4.48,1.167,9.0,1.5,1.5,6.0,4.00,
Reynaldo López,31,,0.0,0,0,,5.40,1,1,0,0,0,0,5.0,9,3,3,1,2,0,1,0,0,0,25,83,6.54,2.200,16.2,1.8,3.6,1.8,0.50,
John Brebbia,35,,-0.2,0,1,.000,7.71,3,0,2,0,0,0,4.2,6,5,4,2,1,0,6,1,0,0,22,58,7.43,1.500,11.6,3.9,1.9,11.6,6.00,
Rolddy Muñoz,25,,-0.2,0,0,,12.27,3,0,0,0,0,0,3.2,4,5,5,1,5,0,5,2,0,1,21,37,9.69,2.455,9.8,2.5,12.3,12.3,1.00,
Zach Thompson,31,,0.1,0,0,,0.00,2,0,0,0,0,0,3.2,0,0,0,0,1,0,3,0,0,1,12,,2.33,0.273,0.0,0.0,2.5,7.4,3.00,
Connor Seabold,29,,-0.1,0,0,,6.75,2,0,1,0,0,0,2.2,3,2,2,1,1,0,3,0,0,0,12,70,6.89,1.500,10.1,3.4,3.4,10.1,3.00,
Hayden Harris*,26,,0.0,0,0,,3.38,3,0,0,0,0,0,2.2,3,1,1,0,2,0,0,0,0,0,12,141,5.39,1.875,10.1,0.0,6.8,0.0,0.00,
José Ruiz,30,,-0.1,0,0,,13.50,2,0,0,0,0,0,2.0,2,3,3,0,3,0,3,0,1,0,11,37,4.64,2.500,9.0,0.0,13.5,13.5,1.00,
Vidal Bruján,27,,-0.1,0,0,,13.50,2,0,2,0,0,0,2.0,4,3,3,1,1,0,0,0,0,0,11,37,11.14,2.500,18.0,4.5,4.5,0.0,0.00,
Héctor Neris,36,,-0.4,0,1,.000,45.00,2,0,1,0,0,0,1.0,5,5,5,1,1,0,1,0,0,0,8,13,17.14,6.000,45.0,9.0,9.0,9.0,1.00,
Craig Kimbrel,37,,0.1,0,0,,0.00,1,0,0,0,0,0,1.0,1,0,0,0,1,0,1,0,0,0,3,,4.14,2.000,9.0,0.0,9.0,9.0,1.00,
Kevin Herget,34,,0.0,0,0,,0.00,1,0,1,0,0,0,1.0,1,0,0,0,2,0,0,0,0,1,6,,9.14,3.000,9.0,0.0,18.0,0.0,0.00,
Nathan Wiles,26,,-0.1,0,0,,27.00,1,0,1,0,0,0,1.0,4,3,3,0,0,0,1,0,0,0,7,21,1.14,4.000,36.0,0.0,0.0,9.0,,
Alexis Díaz,28,,-0.3,0,0,,40.50,1,0,0,0,0,0,0.2,0,4,3,0,3,0,1,1,0,0,6,16,18.14,4.500,0.0,0.0,40.5,13.5,0.33,
Dean Kremer,29,SP,1.4,9,10,.474,4.43,28,27,0,0,0,0,158.1,158,81,78,21,41,0,132,1,1,6,658,91,4.00,1.257,9.0,1.2,2.3,7.5,3.22,
Tomoyuki Sugano,35,SP,1.1,10,8,.556,4.51,27,27,0,0,0,0,143.2,158,76,72,27,35,2,96,7,1,3,620,90,5.13,1.343,9.9,1.7,2.2,6.0,2.74,
Charlie Morton,41,SP,-0.2,7,8,.467,5.42,23,17,1,0,0,0,101.1,110,63,61,16,48,1,101,9,1,1,464,75,4.89,1.559,9.8,1.4,4.3,9.0,2.10,
Cade Povich*,25,SP,-0.3,3,7,.300,5.16,19,17,0,0,0,0,96.0,105,60,55,16,35,1,103,1,0,6,419,78,4.29,1.458,9.8,1.5,3.3,9.7,2.94,
Trevor Rogers*,27,SP,5.2,8,2,.800,1.51,15,15,0,1,0,0,95.2,63,16,16,3,20,0,87,1,1,0,365,269,2.39,0.868,5.9,0.3,1.9,8.2,4.35,
Zach Eflin,31,SP,-0.4,6,5,.545,5.93,14,14,0,0,0,0,71.1,88,48,47,18,13,0,50,2,0,1,309,68,5.65,1.416,11.1,2.3,1.6,6.3,3.85,
Félix Bautista,30,CL,1.1,1,1,.500,2.60,35,0,28,0,0,19,34.2,16,10,10,3,23,0,50,0,0,1,142,157,3.37,1.125,4.2,0.8,6.0,13.0,2.17,
Keegan Akin*,30,RP,0.9,4,4,.500,3.20,56,3,13,0,0,4,56.1,46,24,20,8,30,2,53,1,0,2,238,127,4.76,1.349,7.3,1.3,4.8,8.5,1.77,
Yennier Cano,31,RP,-0.2,3,6,.333,4.99,59,0,9,0,0,2,52.1,51,31,29,7,22,1,49,3,1,1,224,81,4.44,1.395,8.8,1.2,3.8,8.4,2.23,
Seranthony Domínguez,30,RP,0.5,2,3,.400,3.24,43,0,11,0,0,2,41.2,32,19,15,4,24,1,54,0,0,9,175,125,3.53,1.344,6.9,0.9,5.2,11.7,2.25,
Gregory Soto*,30,RP,0.3,0,2,.000,3.96,45,0,10,0,0,1,36.1,29,17,16,2,18,1,44,5,0,7,160,103,3.34,1.294,7.2,0.5,4.5,10.9,2.44,
Brandon Young,26,,-0.6,1,7,.125,6.24,12,12,0,0,0,0,57.2,67,42,40,12,22,0,47,0,0,0,256,65,5.36,1.543,10.5,1.9,3.4,7.3,2.14,
Bryan Baker,30,,0.4,3,2,.600,3.52,42,0,7,0,0,2,38.1,33,17,15,8,9,0,49,0,0,1,151,116,4.00,1.096,7.7,1.9,2.1,11.5,5.44,
Andrew Kittredge,35,,0.5,2,2,.500,3.45,31,0,9,0,0,0,31.1,26,13,12,4,8,1,32,0,0,1,126,118,3.53,1.085,7.5,1.1,2.3,9.2,4.00,
Matt Bowman,34,,-0.3,0,1,.000,6.20,20,0,8,0,0,0,24.2,31,18,17,4,6,0,18,2,0,1,114,66,4.77,1.500,11.3,1.5,2.2,6.6,3.00,
Grant Wolfram*,28,,-0.2,2,0,1.000,4.50,18,0,3,0,0,0,24.0,30,16,12,2,12,1,29,0,0,3,116,91,3.31,1.750,11.3,0.8,4.5,10.9,2.42,
Scott Blewett,29,,-0.3,1,0,1.000,6.17,13,1,2,0,0,0,23.1,25,17,16,4,8,0,17,0,0,1,103,66,4.94,1.414,9.6,1.5,3.1,6.6,2.13,
Cionel Pérez*,29,,-0.6,0,0,,8.31,19,0,6,0,0,0,21.2,28,22,20,3,18,1,21,2,1,1,110,49,5.77,2.123,11.6,1.2,7.5,8.7,1.17,
Dietrich Enns*,34,,0.7,2,1,.667,3.10,12,1,2,0,0,1,20.1,19,8,7,3,9,2,24,0,0,1,88,132,4.03,1.377,8.4,1.3,4.0,10.6,2.67,
Kade Strowd,27,,0.7,0,0,,1.37,17,0,4,0,0,0,19.2,13,3,3,1,11,0,12,1,0,2,80,299,4.42,1.220,5.9,0.5,5.0,5.5,1.09,
Corbin Martin,29,,-0.5,1,0,1.000,6.00,17,0,7,0,0,2,18.0,22,15,12,4,9,0,23,2,1,1,89,69,5.31,1.722,11.0,2.0,4.5,11.5,2.56,
Kyle Bradish,28,,0.5,0,1,.000,2.65,3,3,0,0,0,0,17.0,12,5,5,2,4,0,21,0,0,0,65,156,2.91,0.941,6.4,1.1,2.1,11.1,5.25,
Yaramil Hiraldo,29,,-0.4,0,0,,5.65,12,0,4,0,0,0,14.1,13,12,9,4,6,0,12,0,0,0,62,73,6.35,1.326,8.2,2.5,3.8,7.5,2.00,
Kyle Gibson,37,,-1.1,0,3,.000,16.78,4,4,0,0,0,0,12.1,29,23,23,7,7,0,10,0,0,1,73,25,10.60,2.919,21.2,5.1,5.1,7.3,1.43,
Rico Garcia,31,,0.3,0,1,.000,3.18,12,1,3,0,0,0,11.1,12,4,4,1,2,0,11,0,0,0,47,131,2.88,1.235,9.5,0.8,1.6,8.7,5.50,
Colin Selby,27,,0.1,0,2,.000,4.09,9,0,5,0,0,0,11.0,15,5,5,2,2,0,12,0,0,0,50,102,3.87,1.545,12.3,1.6,1.6,9.8,6.00,
Chayce McDermott,26,,-0.2,0,1,.000,8.22,2,1,0,0,0,0,7.2,8,7,7,3,8,0,7,1,0,0,39,51,9.93,2.087,9.4,3.5,9.4,8.2,0.88,
Albert Suárez,35,,0.2,1,0,1.000,2.35,3,0,2,0,0,0,7.2,7,3,2,0,1,1,4,1,0,3,29,180,2.88,1.043,8.2,0.0,1.2,4.7,4.00,
Shawn Dubin,29,,0.3,0,0,,0.00,5,0,2,0,0,0,5.2,2,0,0,0,1,0,5,1,0,0,21,,2.44,0.529,3.2,0.0,1.6,7.9,5.00,
Tyler Wells,30,,0.1,1,0,1.000,3.60,1,1,0,0,0,0,5.0,5,2,2,1,0,0,4,0,0,0,20,120,4.14,1.000,9.0,1.8,0.0,7.2,,
Roansy Contreras,25,,0.2,0,0,,0.00,1,0,0,0,0,0,4.1,3,0,0,0,1,0,2,1,0,0,17,,3.61,0.923,6.2,0.0,2.1,4.2,2.00,
Luis Vázquez,25,,0.1,0,0,,0.00,3,0,3,0,0,0,3.1,3,0,0,0,1,0,0,0,0,0,11,,4.04,1.200,8.1,0.0,2.7,0.0,0.00,
Cody Poteet,30,,-0.2,0,0,,16.88,1,0,0,0,0,0,2.2,6,5,5,0,2,0,1,0,0,0,16,27,4.64,3.000,20.3,0.0,6.8,3.4,0.50,
Emmanuel Rivera,29,,-0.2,0,0,,72.00,1,0,1,0,0,0,1.0,8,8,8,1,2,0,0,0,0,0,13,8,22.14,10.000,72.0,9.0,18.0,0.0,0.00,
Elvin Rodríguez,27,,-0.1,0,0,,18.00,1,0,1,0,0,0,1.0,3,2,2,2,0,0,1,0,0,0,6,31,27.14,3.000,27.0,18.0,0.0,9.0,,
Jorge Mateo,30,,-0.2,0,0,,45.00,1,0,0,0,0,0,1.0,5,5,5,1,2,0,0,1,0,0,11,12,25.14,7.000,45.0,9.0,18.0,0.0,0.00,
Gary Sánchez,32,,-0.1,0,0,,36.00,1,0,1,0,0,0,1.0,2,4,4,1,1,0,0,1,0,0,7,15,22.14,3.000,18.0,9.0,9.0,0.0,0.00,
Alex Jackson,29,,-0.1,0,0,,27.00,1,0,1,0,0,0,1.0,3,3,3,0,2,0,0,0,0,0,8,21,9.14,5.000,27.0,0.0,18.0,0.0,0.00,
Garrett Crochet*,26,SP,5.5,15,5,.750,2.57,29,29,0,1,1,0,185.1,153,56,53,20,42,0,228,3,3,6,739,162,2.81,1.052,7.4,1.0,2.0,11.1,5.43,AS
Brayan Bello,26,SP,2.7,11,6,.647,3.12,26,25,0,1,0,0,152.2,134,60,53,14,51,0,114,10,0,5,635,133,4.04,1.212,7.9,0.8,3.0,6.7,2.24,
Lucas Giolito,30,SP,1.8,10,3,.769,3.38,23,23,0,0,0,0,130.1,118,55,49,16,46,0,107,1,0,4,544,123,4.18,1.258,8.1,1.1,3.2,7.4,2.33,
Walker Buehler,30,SP,-0.9,7,7,.500,5.45,23,22,1,0,0,0,112.1,120,72,68,22,55,0,84,9,0,0,508,76,5.90,1.558,9.6,1.8,4.4,6.7,1.53,
Hunter Dobbins,25,SP,0.4,4,1,.800,4.13,13,11,0,0,0,0,61.0,61,30,28,6,17,1,45,2,0,0,256,101,3.88,1.279,9.0,0.9,2.5,6.6,2.65,
Richard Fitts,25,SP,-0.3,2,4,.333,5.00,11,10,0,0,0,0,45.0,43,27,25,11,16,0,40,3,1,1,195,84,5.81,1.311,8.6,2.2,3.2,8.0,2.50,
Aroldis Chapman*,37,CL,3.4,4,2,.667,0.98,60,0,37,0,0,29,55.0,21,7,6,3,14,0,81,0,0,4,201,426,1.67,0.636,3.4,0.5,2.3,13.3,5.79,AS
Garrett Whitlock,29,RP,1.9,6,3,.667,2.48,56,0,9,0,0,1,65.1,49,21,18,2,24,2,79,5,0,3,269,168,2.46,1.117,6.8,0.3,3.3,10.9,3.29,
Greg Weissert,30,RP,0.8,6,5,.545,2.98,66,0,9,0,0,3,60.1,53,26,20,6,18,1,47,2,0,1,250,140,3.87,1.177,7.9,0.9,2.7,7.0,2.61,
Brennan Bernardino*,33,RP,0.4,4,3,.571,3.14,55,3,12,0,0,1,51.2,39,23,18,1,26,5,43,3,0,3,224,133,3.41,1.258,6.8,0.2,4.5,7.5,1.65,
Justin Wilson*,37,RP,0.7,3,1,.750,2.51,54,0,3,0,0,0,43.0,41,16,12,2,16,2,50,2,0,3,179,167,2.68,1.326,8.6,0.4,3.3,10.5,3.13,
Tanner Houck,29,,-1.4,0,3,.000,8.04,9,9,0,0,0,0,43.2,57,41,39,10,17,0,32,5,0,2,203,52,6.17,1.695,11.7,2.1,3.5,6.6,1.88,
Sean Newcomb*,32,,0.0,0,4,.000,3.95,12,5,5,0,0,0,41.0,55,24,18,3,17,0,41,2,0,2,190,106,3.49,1.756,12.1,0.7,3.7,9.0,2.41,
Justin Slaten,27,,-0.3,2,4,.333,4.45,29,0,8,0,0,3,28.1,24,17,14,3,8,2,22,0,0,1,115,95,3.81,1.129,7.6,1.0,2.5,7.0,2.75,
Dustin May,27,,-0.3,1,4,.200,5.40,6,5,1,0,0,0,28.1,35,18,17,5,13,0,26,4,0,0,133,78,5.40,1.694,11.1,1.6,4.1,8.3,2.00,
Zack Kelly,30,,-0.4,1,3,.250,4.82,20,0,4,0,0,0,28.0,28,18,15,2,10,1,30,3,0,0,124,87,3.32,1.357,9.0,0.6,3.2,9.6,3.00,
Chris Murphy*,27,,0.4,2,0,1.000,2.81,17,0,7,0,0,0,25.2,14,8,8,3,14,1,21,5,0,1,109,150,5.25,1.091,4.9,1.1,4.9,7.4,1.50,
Jordan Hicks,28,,-1.1,1,2,.333,8.20,21,0,8,0,0,2,18.2,25,20,17,3,12,1,15,4,0,6,97,52,6.20,1.982,12.1,1.4,5.8,7.2,1.25,
Cooper Criswell,28,,-0.1,1,0,1.000,3.57,7,1,5,0,0,1,17.2,23,10,7,3,5,0,9,0,0,0,80,119,5.18,1.585,11.7,1.5,2.5,4.6,1.80,
Luis Guerrero,24,,0.1,0,1,.000,4.15,13,0,6,0,0,0,17.1,9,8,8,0,14,0,10,0,0,0,72,102,4.41,1.327,4.7,0.0,7.3,5.2,0.71,
Jorge Alcala,29,,-0.2,0,0,,3.31,19,0,7,0,0,0,16.1,19,11,6,4,8,0,18,0,1,3,76,128,5.59,1.653,10.5,2.2,4.4,9.9,2.25,
Steven Matz*,34,,0.4,0,0,,1.69,14,0,2,0,0,1,16.0,11,4,3,2,2,0,9,1,0,1,60,252,4.21,0.813,6.2,1.1,1.1,5.1,4.50,
Liam Hendriks,36,,-0.3,0,2,.000,6.59,14,0,6,0,0,0,13.2,12,11,10,2,7,0,12,1,0,0,59,65,5.05,1.390,7.9,1.3,4.6,7.9,1.71,
Josh Winckowski,27,,-0.1,0,1,.000,3.86,6,0,4,0,0,0,11.2,11,7,5,0,5,0,9,1,0,0,52,111,3.14,1.371,8.5,0.0,3.9,6.9,1.80,
Payton Tolle*,22,,-0.2,0,1,.000,7.56,2,2,0,0,0,0,8.1,8,7,7,2,6,0,10,0,0,1,38,57,6.02,1.680,8.6,2.2,6.5,10.8,1.67,
Isaiah Campbell,27,,-0.1,0,0,,7.04,6,0,4,0,0,0,7.2,13,6,6,1,1,0,3,1,0,0,35,62,4.84,1.826,15.3,1.2,1.2,3.5,3.00,
Nick Burdi,32,,0.2,0,0,,0.00,4,0,2,0,0,0,5.1,5,0,0,0,2,0,5,0,0,1,21,,2.39,1.313,8.4,0.0,3.4,8.4,2.50,
Connelly Early*,23,,0.4,1,0,1.000,0.00,1,1,0,0,0,0,5.0,5,0,0,0,1,0,11,0,0,0,21,,-0.66,1.200,9.0,0.0,1.8,19.8,11.00,
Jovani Morán*,28,,-0.1,0,0,,6.75,2,0,1,0,0,0,4.0,5,3,3,0,3,0,5,0,0,0,20,67,2.89,2.000,11.3,0.0,6.8,11.3,1.67,
Michael Fulmer,32,,-0.1,0,0,,10.13,1,0,0,0,0,0,2.2,4,3,3,1,2,0,2,0,0,0,13,47,8.77,2.250,13.5,3.4,6.8,6.8,1.00,
Robert Stock,35,,-0.1,0,0,,10.13,2,0,1,0,0,0,2.2,4,3,3,1,4,0,1,0,0,0,15,47,11.77,3.000,13.5,3.4,13.5,3.4,0.25,
Nate Eaton,28,,0.0,0,0,,0.00,1,0,1,0,0,0,1.0,2,0,0,0,0,0,0,0,0,0,4,,3.14,2.000,18.0,0.0,0.0,0.0,,
Abraham Toro,28,,-0.1,0,0,,18.00,1,0,1,0,0,0,1.0,4,2,2,0,1,0,0,0,0,0,8,32,6.14,5.000,36.0,0.0,9.0,0.0,0.00,
Matthew Boyd*,34,SP,2.8,12,8,.600,2.92,28,28,0,0,0,0,166.1,140,59,54,16,37,0,145,7,0,1,658,130,3.44,1.064,7.6,0.9,2.0,7.8,3.92,AS
Colin Rea,34,SP,0.0,10,6,.625,4.20,29,24,3,0,0,1,141.1,142,69,66,20,43,0,104,6,0,2,595,90,4.55,1.309,9.0,1.3,2.7,6.6,2.42,
Shota Imanaga*,31,SP,2.1,9,7,.563,3.21,22,22,0,0,0,0,129.0,97,47,46,24,23,0,101,1,0,1,499,118,4.55,0.930,6.8,1.7,1.6,7.0,4.39,
Cade Horton,23,SP,1.7,10,4,.714,2.70,21,20,0,0,0,0,110.0,90,38,33,9,32,0,89,6,0,1,446,141,3.63,1.109,7.4,0.7,2.6,7.3,2.78,
Ben Brown,25,SP,-1.7,5,8,.385,5.92,25,15,3,0,0,1,106.1,121,73,70,18,32,0,121,4,0,5,472,64,4.08,1.439,10.2,1.5,2.7,10.2,3.78,
Jameson Taillon,33,SP,0.4,9,6,.600,4.15,19,19,0,0,0,0,106.1,94,50,49,23,21,0,81,0,0,1,430,92,5.02,1.082,8.0,1.9,1.8,6.9,3.86,
Daniel Palencia,25,CL,0.4,1,6,.143,3.00,52,0,38,0,0,22,51.0,44,19,17,5,16,1,59,2,0,2,210,127,3.16,1.176,7.8,0.9,2.8,10.4,3.69,
Brad Keller,29,RP,1.2,4,1,.800,2.17,60,1,6,0,0,1,62.1,40,17,15,3,20,0,65,6,0,1,248,176,2.94,0.963,5.8,0.4,2.9,9.4,3.25,
Caleb Thielbar*,38,RP,1.3,3,3,.500,2.08,60,0,4,0,0,1,52.0,30,12,12,3,12,1,51,0,0,0,193,184,2.62,0.808,5.2,0.5,2.1,8.8,4.25,
Drew Pomeranz*,36,RP,0.6,2,1,.667,2.34,49,4,11,0,0,1,42.1,33,13,11,4,13,1,46,5,0,1,174,164,3.47,1.087,7.0,0.9,2.8,9.8,3.54,
Ryan Pressly,36,RP,-0.7,2,3,.400,4.35,44,0,17,0,0,5,41.1,46,24,20,6,17,0,28,2,0,0,182,88,5.06,1.524,10.0,1.3,3.7,6.1,1.65,
Chris Flexen,30,,0.3,5,1,.833,3.09,21,1,12,0,0,1,43.2,38,18,15,7,12,0,22,0,0,3,178,124,5.04,1.145,7.8,1.4,2.5,4.5,1.83,
Porter Hodge,24,,-0.7,2,1,.667,6.18,30,0,10,0,0,2,27.2,27,20,19,6,15,1,31,0,1,5,121,62,5.35,1.518,8.8,2.0,4.9,10.1,2.07,
Ryan Brasier,37,,-0.2,0,1,.000,4.50,28,1,4,0,0,0,26.0,27,13,13,2,5,0,20,0,0,0,105,86,3.18,1.231,9.3,0.7,1.7,6.9,4.00,
Javier Assad,27,,0.0,2,1,.667,4.62,5,5,0,0,0,0,25.1,25,13,13,3,7,0,14,4,0,0,106,83,4.88,1.263,8.9,1.1,2.5,5.0,2.00,
Justin Steele*,29,,0.1,3,1,.750,4.76,4,4,0,0,0,0,22.2,21,12,12,5,5,0,21,1,0,0,92,81,4.95,1.147,8.3,2.0,2.0,8.3,4.20,
Julian Merryweather,33,,-0.5,0,1,.000,5.79,21,0,2,0,0,0,18.2,23,13,12,2,11,2,15,0,0,1,88,67,4.70,1.821,11.1,1.0,5.3,7.2,1.36,
Andrew Kittredge,35,,-0.1,2,1,.667,3.68,16,0,4,0,0,2,14.2,11,7,6,2,2,0,19,0,0,0,56,106,2.73,0.886,6.8,1.2,1.2,11.7,9.50,
Nate Pearson,28,,-0.5,0,1,.000,9.20,11,0,4,0,0,0,14.2,22,15,15,2,10,1,7,1,0,1,75,42,6.21,2.182,13.5,1.2,6.1,4.3,0.70,
Taylor Rogers*,34,,-0.2,0,0,,6.17,12,0,1,0,0,0,11.2,15,8,8,3,1,0,17,1,0,0,52,64,4.09,1.371,11.6,2.3,0.8,13.1,17.00,
Jordan Wicks*,25,,-0.5,0,1,.000,8.71,6,0,3,0,0,0,10.1,20,12,10,2,1,0,8,0,0,0,51,45,4.40,2.032,17.4,1.7,0.9,7.0,8.00,
Génesis Cabrera*,28,,-0.4,0,0,,8.68,9,0,3,0,0,0,9.1,10,9,9,4,3,0,8,0,0,0,39,46,7.97,1.393,9.6,3.9,2.9,7.7,2.67,
Gavin Hollowell,27,,0.0,0,0,,4.82,7,0,4,0,0,0,9.1,9,5,5,1,7,0,10,0,0,1,43,82,4.64,1.714,8.7,1.0,6.8,9.6,1.43,
Ethan Roberts,27,,-0.2,1,0,1.000,6.00,10,0,3,0,0,0,9.0,10,6,6,3,2,0,6,1,0,1,39,66,7.14,1.333,10.0,3.0,2.0,6.0,3.00,
Eli Morgan,29,,-0.4,0,1,.000,12.27,7,0,2,0,0,0,7.1,12,10,10,3,3,1,4,0,0,0,35,33,8.60,2.045,14.7,3.7,3.7,4.9,1.33,
Brooks Kriske,31,,0.2,0,0,,0.00,4,0,3,0,0,0,6.0,2,0,0,0,5,1,4,0,0,0,24,,4.31,1.167,3.0,0.0,7.5,6.0,0.80,
Aaron Civale,30,,0.1,0,0,,1.80,2,0,1,0,0,0,5.0,3,1,1,1,0,0,5,2,0,0,20,228,4.94,0.600,5.4,1.8,0.0,9.0,,
Tom Cosgrove*,29,,0.1,0,0,,2.25,2,0,2,0,0,0,4.0,3,1,1,0,1,0,3,0,0,0,16,185,2.39,1.000,6.8,0.0,2.3,6.8,3.00,
Jon Berti,35,,-0.1,0,0,,7.36,4,0,4,0,0,0,3.2,4,3,3,0,4,0,0,0,0,0,19,57,6.42,2.182,9.8,0.0,9.8,0.0,0.00,
Michael Fulmer,32,,0.1,0,0,,0.00,2,0,0,0,0,0,3.0,2,0,0,0,0,0,1,0,0,0,10,,2.48,0.667,6.0,0.0,0.0,3.0,,
Luke Little*,24,,-0.1,0,0,,3.38,2,0,0,0,0,0,2.2,1,2,1,0,6,0,4,0,0,0,15,129,6.89,2.625,3.4,0.0,20.3,13.5,0.67,
Michael Soroka,27,,0.0,0,0,,4.50,1,1,0,0,0,0,2.0,1,1,1,1,1,0,3,0,0,0,8,101,8.14,1.000,4.5,4.5,4.5,13.5,3.00,
Reese McGuire,30,,0.0,0,0,,9.00,1,0,1,0,0,0,1.0,2,1,1,1,1,0,0,0,0,0,6,59,19.14,3.000,18.0,9.0,9.0,0.0,0.00,
Davis Martin,28,SP,1.1,6,9,.400,4.03,23,22,0,0,0,0,127.1,119,66,57,19,44,0,92,6,2,1,534,103,4.82,1.280,8.4,1.3,3.1,6.5,2.09,
Shane Smith,25,SP,1.5,5,7,.417,3.95,25,25,0,0,0,0,125.1,98,63,55,16,52,0,118,12,0,8,530,105,4.45,1.197,7.0,1.1,3.7,8.5,2.27,AS
Sean Burke,25,SP,0.7,4,10,.286,4.28,24,20,0,0,0,0,117.2,116,67,56,19,54,0,110,5,0,2,522,97,4.88,1.445,8.9,1.5,4.1,8.4,2.04,
Jonathan Cannon,24,SP,-0.5,4,9,.308,5.67,20,17,0,0,0,0,98.1,110,64,62,18,37,1,78,6,1,2,443,73,5.25,1.495,10.1,1.6,3.4,7.1,2.11,
Adrian Houser,32,SP,2.9,6,2,.750,2.10,11,11,0,0,0,0,68.2,62,19,16,3,22,0,47,1,1,3,275,199,3.35,1.223,8.1,0.4,2.9,6.2,2.14,
Aaron Civale,30,SP,-0.3,2,7,.222,5.37,13,13,0,0,0,0,67.0,66,44,40,8,26,0,55,2,2,0,291,78,4.31,1.373,8.9,1.1,3.5,7.4,2.12,
Jordan Leasure,26,CL,0.5,4,6,.400,3.88,60,1,15,0,0,7,55.2,45,26,24,10,28,1,72,1,0,3,239,108,4.46,1.311,7.3,1.6,4.5,11.6,2.57,
Mike Vasil,25,RP,2.4,5,3,.625,2.54,42,3,16,0,0,4,92.0,67,30,26,8,46,5,74,8,1,4,386,164,4.43,1.228,6.6,0.8,4.5,7.2,1.61,
Brandon Eisert*,27,RP,0.5,3,5,.375,4.11,62,3,13,0,0,2,61.1,62,30,28,9,20,5,66,5,1,1,265,102,4.12,1.337,9.1,1.3,2.9,9.7,3.30,
Steven Wilson,30,RP,1.3,2,1,.667,3.04,53,0,21,0,0,2,50.1,44,17,17,5,20,2,45,3,0,1,218,138,4.02,1.272,7.9,0.9,3.6,8.0,2.25,
Tyler Gilbert*,31,RP,0.1,4,1,.800,4.43,38,3,5,0,0,0,42.2,36,23,21,5,21,2,38,1,0,1,184,95,4.43,1.336,7.6,1.1,4.4,8.0,1.81,
Tyler Alexander*,30,,0.7,2,9,.182,4.18,26,1,5,0,0,0,56.0,57,28,26,5,17,5,47,1,1,1,234,100,3.59,1.321,9.2,0.8,2.7,7.6,2.76,
Bryse Wilson,27,,-0.8,0,2,.000,6.65,20,5,8,0,0,0,47.1,67,37,35,11,19,0,28,2,0,0,224,63,6.31,1.817,12.7,2.1,3.6,5.3,1.47,
Martín Pérez*,34,,1.2,1,4,.200,3.15,9,8,0,0,0,0,45.2,31,17,16,4,18,0,39,2,0,0,186,133,3.89,1.073,6.1,0.8,3.5,7.7,2.17,
Yoendrys Gómez,25,,0.1,2,1,.667,4.50,9,6,3,0,0,0,32.0,29,19,16,4,15,0,34,4,0,0,144,93,4.43,1.375,8.2,1.1,4.2,9.6,2.27,
Grant Taylor,23,,-0.4,2,4,.333,5.68,30,2,8,0,0,4,31.2,34,20,20,0,13,1,44,0,0,4,137,74,1.60,1.484,9.7,0.0,3.7,12.5,3.38,
Dan Altavilla,32,,0.8,0,1,.000,2.48,28,0,13,0,0,2,29.0,19,9,8,4,15,0,21,4,0,1,120,169,5.45,1.172,5.9,1.2,4.7,6.5,1.40,
Cam Booser*,33,,-0.3,2,4,.333,4.82,35,0,7,0,0,1,28.0,23,18,15,6,18,1,33,2,0,3,128,87,5.72,1.464,7.4,1.9,5.8,10.6,1.83,
Wikelman González,23,,0.3,1,0,1.000,1.62,12,0,4,0,0,0,16.2,9,6,3,0,8,0,20,0,0,0,68,262,2.18,1.020,4.9,0.0,4.3,10.8,2.50,
Jared Shuster*,26,,-0.4,0,0,,8.04,12,2,4,0,0,0,15.2,27,15,14,0,5,2,12,2,0,1,82,53,2.95,2.043,15.5,0.0,2.9,6.9,2.40,
Penn Murfee,31,,-0.4,0,1,.000,7.82,15,0,4,0,0,0,12.2,19,11,11,3,5,0,13,1,0,0,63,55,5.59,1.895,13.5,2.1,3.6,9.2,2.60,
Fraser Ellard*,27,,0.0,0,2,.000,3.86,11,2,4,0,0,0,11.2,4,6,5,0,10,0,17,1,0,0,47,111,3.06,1.200,3.1,0.0,7.7,13.1,1.70,
Owen White,25,,-0.2,0,0,,9.00,3,0,1,0,0,0,7.0,14,7,7,1,3,0,6,0,0,0,35,49,4.57,2.429,18.0,1.3,3.9,7.7,2.00,
Miguel Castro,30,,-0.1,0,0,,7.50,6,0,1,0,0,0,6.0,5,5,5,1,5,0,4,1,0,0,28,59,6.98,1.667,7.5,1.5,7.5,6.0,0.80,
Mike Clevinger,34,,-0.2,0,2,.000,7.94,8,0,3,0,0,0,5.2,5,5,5,0,8,0,3,0,0,1,31,56,6.32,2.294,7.9,0.0,12.7,4.8,0.38,
Bryan Hudson*,28,,-0.1,0,0,,5.79,4,0,0,0,0,0,4.2,7,3,3,2,1,0,6,0,0,0,21,77,6.79,1.714,13.5,3.9,1.9,11.6,6.00,
Caleb Freeman,27,,0.0,0,0,,5.40,5,0,3,0,0,0,3.1,5,2,2,1,1,0,3,0,0,0,16,85,6.14,1.800,13.5,2.7,2.7,8.1,3.00,
Vinny Capra,28,,-0.1,0,0,,6.00,3,0,3,0,0,0,3.0,5,4,2,1,0,0,1,0,0,0,15,78,6.81,1.667,15.0,3.0,0.0,3.0,,
Korey Lee,26,,0.0,0,0,,3.00,2,0,2,0,0,0,3.0,4,1,1,0,2,0,0,0,0,0,14,155,5.14,2.000,12.0,0.0,6.0,0.0,0.00,
Elvis Peguero,28,,-0.2,0,0,,13.50,2,1,0,0,0,0,2.0,4,3,3,0,2,0,3,0,0,0,11,36,3.14,3.000,18.0,0.0,9.0,13.5,1.50,
Jake Palisch*,26,,-0.1,0,0,,18.00,1,0,1,0,0,0,1.0,3,2,2,0,0,0,0,0,0,0,6,32,3.14,3.000,27.0,0.0,0.0,0.0,,
Jacob Amaya,26,,0.0,0,0,,0.00,1,0,1,0,0,0,1.0,0,0,0,0,0,0,0,0,0,0,3,,3.14,0.000,0.0,0.0,0.0,0.0,,
Nick Martinez,34,SP,2.0,10,12,.455,4.65,35,26,1,0,0,0,156.2,153,84,81,22,39,1,110,6,0,6,649,100,4.43,1.226,8.8,1.3,2.2,6.3,2.82,
Brady Singer,28,SP,3.1,13,9,.591,3.98,28,28,0,0,0,0,149.1,132,69,66,14,56,0,145,11,0,3,631,117,3.77,1.259,8.0,0.8,3.4,8.7,2.59,
Andrew Abbott*,26,SP,4.9,8,6,.571,2.88,25,25,0,1,1,0,143.2,125,53,46,16,40,0,130,3,0,3,591,161,3.68,1.148,7.8,1.0,2.5,8.1,3.25,AS
Nick Lodolo*,27,SP,4.9,8,7,.533,3.10,25,25,0,2,1,0,139.1,117,50,48,17,26,1,132,12,1,2,565,150,3.65,1.026,7.6,1.1,1.7,8.5,5.08,
Hunter Greene,25,SP,3.9,6,4,.600,2.59,16,16,0,0,0,0,90.1,65,28,26,13,19,0,113,2,0,4,353,180,3.21,0.930,6.5,1.3,1.9,11.3,5.95,
Emilio Pagán,34,CL,1.5,2,4,.333,3.26,62,0,49,0,0,27,60.2,37,26,22,10,20,0,73,1,1,1,239,143,3.92,0.940,5.5,1.5,3.0,10.8,3.65,
Brent Suter*,35,RP,0.3,1,2,.333,4.59,47,3,18,0,0,0,66.2,69,38,34,11,18,1,52,2,0,2,288,102,4.63,1.305,9.3,1.5,2.4,7.0,2.89,
Tony Santillan,28,RP,2.5,1,5,.167,2.59,71,0,14,0,0,5,66.0,48,21,19,7,25,0,66,4,0,3,270,180,3.84,1.106,6.5,1.0,3.4,9.0,2.64,
Scott Barlow,32,RP,0.7,6,3,.667,4.26,70,1,5,0,0,1,63.1,48,33,30,7,42,3,72,5,0,2,282,109,4.53,1.421,6.8,1.0,6.0,10.2,1.71,
Graham Ashcraft,27,RP,0.5,8,5,.615,3.72,53,0,5,0,0,0,58.0,60,32,24,2,24,0,56,0,0,5,254,125,2.90,1.448,9.3,0.3,3.7,8.7,2.33,
Zack Littell,29,,0.5,1,0,1.000,4.50,7,7,0,0,0,0,38.0,35,21,19,8,8,0,31,1,0,1,161,104,4.96,1.132,8.3,1.9,1.9,7.3,3.88,
Lyon Richardson,25,,-0.2,0,3,.000,4.54,34,0,11,0,0,0,37.2,37,25,19,2,21,4,30,2,0,0,172,103,4.07,1.540,8.8,0.5,5.0,7.2,1.43,
Chase Burns,22,,-0.1,0,3,.000,5.24,8,8,0,0,0,0,34.1,33,23,20,4,13,0,57,0,0,0,151,89,2.47,1.340,8.7,1.0,3.4,14.9,4.38,
Taylor Rogers*,34,,0.6,2,2,.500,2.45,40,0,4,0,0,0,33.0,29,15,9,3,19,2,34,2,0,0,146,191,4.17,1.455,7.9,0.8,5.2,9.3,1.79,
Ian Gibaut,31,,0.2,0,1,.000,4.62,25,0,5,0,0,0,25.1,26,13,13,3,8,0,15,0,0,0,109,102,4.45,1.342,9.2,1.1,2.8,5.3,1.88,
Luis Mey,24,,0.5,2,0,1.000,3.43,23,0,7,0,0,0,21.0,17,8,8,3,17,0,21,1,0,2,96,138,5.57,1.619,7.3,1.3,7.3,9.0,1.24,
Sam Moll*,33,,-0.5,1,0,1.000,6.38,23,0,3,0,0,0,18.1,16,16,13,4,10,0,22,0,0,4,81,74,5.22,1.418,7.9,2.0,4.9,10.8,2.20,
Connor Phillips,24,,0.3,2,0,1.000,3.71,14,0,4,0,0,0,17.0,10,8,7,3,10,0,19,0,0,2,69,128,4.97,1.176,5.3,1.6,5.3,10.1,1.90,
Carson Spiers,27,,0.0,0,2,.000,6.08,3,2,1,0,0,0,13.1,13,9,9,3,7,0,11,1,0,0,60,78,6.22,1.500,8.8,2.0,4.7,7.4,1.57,
Wade Miley*,38,,-0.1,1,0,1.000,6.75,3,2,1,0,0,0,12.0,15,9,9,3,6,0,7,1,0,0,55,71,6.98,1.750,11.3,2.3,4.5,5.3,1.17,
Zach Maxwell,24,,0.2,0,0,,3.38,6,0,1,0,0,0,8.0,8,3,3,2,3,0,13,0,0,0,34,143,4.27,1.375,9.0,2.3,3.4,14.6,4.33,
Yosver Zulueta,27,,-0.1,1,0,1.000,6.14,7,0,5,0,0,0,7.1,5,5,5,1,4,0,5,0,0,1,32,79,5.19,1.227,6.1,1.2,4.9,6.1,1.25,
Joe La Sorsa*,27,,-0.4,0,1,.000,10.80,5,0,2,0,0,0,6.2,13,9,8,4,2,0,2,0,0,0,33,45,11.24,2.250,17.6,5.4,2.7,2.7,1.00,
Chase Petty,22,,-0.8,0,3,.000,19.50,3,2,1,0,0,0,6.0,14,14,13,3,8,0,7,1,0,0,40,25,11.81,3.667,21.0,4.5,12.0,10.5,0.88,
Alexis Díaz,28,,-0.4,0,0,,12.00,6,0,2,0,0,0,6.0,8,8,8,4,5,0,3,2,0,0,33,41,14.31,2.167,12.0,6.0,7.5,4.5,0.60,
Randy Wynne,32,,0.0,0,0,,3.00,1,0,1,0,0,1,3.0,3,1,1,1,1,0,3,0,0,0,13,172,6.48,1.333,9.0,3.0,3.0,9.0,3.00,
Jose Trevino,32,,0.0,0,0,,3.86,2,0,2,0,0,0,2.1,4,1,1,0,1,0,1,0,0,0,12,137,3.57,2.143,15.4,0.0,3.9,3.9,1.00,
Reiver Sanmartin*,29,,0.0,0,0,,0.00,1,0,0,0,0,0,1.2,2,1,0,0,1,1,2,0,0,1,8,,2.54,1.800,10.8,0.0,5.4,10.8,2.00,
Tanner Bibee,26,SP,0.2,9,11,.450,4.69,28,28,0,1,0,0,161.1,159,91,84,27,50,1,139,9,1,3,684,90,4.69,1.295,8.9,1.5,2.8,7.8,2.78,
Gavin Williams,25,SP,3.3,10,5,.667,3.17,28,28,0,0,0,0,150.2,119,58,53,21,76,0,146,3,1,9,635,133,4.59,1.294,7.1,1.3,4.5,8.7,1.92,
Logan Allen*,26,SP,0.2,7,11,.389,4.46,27,26,0,0,0,0,139.1,142,78,69,18,59,1,109,5,0,4,607,94,4.64,1.443,9.2,1.2,3.8,7.0,1.85,
Slade Cecconi,26,SP,0.5,6,6,.500,4.45,20,20,0,0,0,0,115.1,115,60,57,22,29,1,94,3,1,3,483,95,4.83,1.249,9.0,1.7,2.3,7.3,3.24,
Luis Ortiz,26,SP,0.6,4,9,.308,4.36,16,16,0,0,0,0,88.2,80,44,43,12,42,0,96,1,0,0,382,96,4.19,1.376,8.1,1.2,4.3,9.7,2.29,
Ben Lively,33,SP,0.8,2,2,.500,3.22,9,9,0,0,0,0,44.2,38,16,16,6,15,0,29,0,0,0,178,131,4.60,1.187,7.7,1.2,3.0,5.8,1.93,
Emmanuel Clase,27,CL,0.7,5,3,.625,3.23,48,0,41,0,0,24,47.1,46,20,17,2,12,2,47,4,0,4,201,131,2.72,1.225,8.7,0.4,2.3,8.9,3.92,
Cade Smith,26,RP,0.4,6,5,.545,3.20,67,0,22,0,0,12,64.2,52,30,23,3,19,3,90,3,2,3,270,132,1.98,1.098,7.2,0.4,2.6,12.5,4.74,
Jakob Junis,32,RP,0.9,3,1,.750,2.85,51,0,8,0,0,0,60.0,58,20,19,4,18,2,44,4,0,0,248,148,3.64,1.267,8.7,0.6,2.7,6.6,2.44,
Hunter Gaddis,27,RP,0.8,2,2,.500,3.36,63,0,7,0,0,2,59.0,51,23,22,7,21,2,63,1,0,2,245,126,3.67,1.220,7.8,1.1,3.2,9.6,3.00,
Matt Festa,32,RP,-0.2,3,3,.500,4.34,53,0,5,0,0,0,45.2,36,25,22,3,12,1,45,3,1,1,186,97,3.01,1.051,7.1,0.6,2.4,8.9,3.75,
Joey Cantillo*,25,,0.9,5,3,.625,3.36,31,10,10,0,0,1,80.1,67,35,30,8,38,0,92,0,0,2,341,125,3.57,1.307,7.5,0.9,4.3,10.3,2.42,
Kolby Allard*,27,,1.0,2,2,.500,2.91,29,2,15,0,0,0,58.2,63,22,19,5,12,3,36,1,0,0,245,145,3.69,1.278,9.7,0.8,1.8,5.5,3.00,
Tim Herrin*,28,,-0.1,5,3,.625,4.62,46,0,4,0,0,0,37.0,33,19,19,5,26,2,37,5,0,2,169,92,5.41,1.595,8.0,1.2,6.3,9.0,1.42,
Nic Enright,28,,1.0,2,1,.667,2.03,27,0,8,0,0,1,31.0,24,8,7,3,12,0,30,2,1,0,127,209,3.82,1.161,7.0,0.9,3.5,8.7,2.50,
Parker Messick*,24,,1.0,2,0,1.000,1.93,4,4,0,0,0,0,23.1,28,5,5,1,3,0,18,0,1,1,96,221,2.54,1.329,10.8,0.4,1.2,6.9,6.00,
Erik Sabrowski*,27,,0.4,0,1,.000,2.14,24,0,2,0,0,0,21.0,11,7,5,2,18,0,29,2,0,0,89,199,4.48,1.381,4.7,0.9,7.7,12.4,1.61,
Paul Sewald,35,,-0.2,1,1,.500,4.70,18,0,3,0,0,2,15.1,14,9,8,3,4,0,18,0,0,0,62,91,4.12,1.174,8.2,1.8,2.3,10.6,4.50,
Zak Kent,27,,-0.1,0,0,,5.91,7,0,6,0,0,0,10.2,12,7,7,0,7,0,11,1,1,3,49,73,3.33,1.781,10.1,0.0,5.9,9.3,1.57,
Carlos Hernández,28,,0.1,0,0,,3.86,5,0,4,0,0,0,7.0,4,3,3,0,3,0,3,0,0,1,27,114,3.57,1.000,5.1,0.0,3.9,3.9,1.00,
Triston McKenzie,27,,-0.2,0,0,,11.12,4,0,3,0,0,0,5.2,7,7,7,1,7,0,4,0,0,3,30,40,7.73,2.471,11.1,1.6,11.1,6.4,0.57,
Doug Nikhazy*,25,,-0.3,0,1,.000,13.50,2,1,1,0,0,0,4.0,5,6,6,0,6,0,5,0,0,1,23,34,5.14,2.750,11.3,0.0,13.5,11.3,0.83,
Austin Hedges,32,,0.0,0,0,,6.00,3,0,3,0,0,0,3.0,6,2,2,0,1,0,1,0,0,0,16,78,3.48,2.333,18.0,0.0,3.0,3.0,1.00,
Cody Bolton,27,,-0.1,0,0,,13.50,1,0,0,0,0,0,2.0,4,3,3,0,0,0,1,0,0,0,10,37,2.14,2.000,18.0,0.0,0.0,4.5,,
Will Wilson,26,,-0.1,0,0,,9.00,1,0,1,0,0,0,2.0,2,2,2,1,0,0,0,0,0,0,8,55,9.64,1.000,9.0,4.5,0.0,0.0,,
Andrew Walters,24,,-0.1,0,0,,13.50,2,0,0,0,0,0,1.1,2,2,2,1,0,0,2,0,0,0,6,40,9.89,1.500,13.5,6.8,0.0,13.5,,
Kyle Freeland*,32,SP,1.2,4,14,.222,5.10,27,27,0,0,0,0,139.1,168,91,79,21,34,2,107,5,0,2,609,96,4.41,1.450,10.9,1.4,2.2,6.9,3.15,
Antonio Senzatela,30,SP,-0.4,4,15,.211,6.71,27,23,0,0,0,0,123.1,183,99,92,22,45,2,67,7,1,9,587,73,5.64,1.849,13.4,1.6,3.3,4.9,1.49,
Germán Márquez,30,SP,-0.5,3,13,.188,6.31,23,23,0,0,0,0,112.2,149,91,79,18,42,1,77,5,0,6,524,78,5.11,1.695,11.9,1.4,3.4,6.2,1.83,
Chase Dollander,23,SP,-0.1,2,12,.143,6.52,21,21,0,0,0,0,98.0,103,76,71,18,49,0,82,6,0,2,441,75,5.54,1.551,9.5,1.7,4.5,7.5,1.67,
Tanner Gordon,27,SP,0.2,5,6,.455,6.60,12,12,0,0,0,0,60.0,81,48,44,10,15,0,46,2,1,1,272,75,4.63,1.600,12.2,1.5,2.3,6.9,3.07,
Austin Gomber*,31,SP,-0.6,0,7,.000,7.49,12,12,0,0,0,0,57.2,82,51,48,16,17,0,34,1,0,4,272,66,6.51,1.717,12.8,2.5,2.7,5.3,2.00,
Seth Halvorsen,25,CL,0.2,1,2,.333,4.99,42,0,23,0,0,11,39.2,41,26,22,7,21,1,36,0,0,3,173,99,5.21,1.563,9.3,1.6,4.8,8.2,1.71,
Jimmy Herget,31,RP,2.7,1,2,.333,2.50,51,0,8,0,0,0,75.2,68,22,21,6,24,1,66,7,2,2,319,197,3.66,1.216,8.1,0.7,2.9,7.9,2.75,
Juan Mejia,24,RP,0.9,2,1,.667,3.86,47,0,15,0,0,1,53.2,46,28,23,6,20,1,59,3,0,2,224,128,3.68,1.230,7.7,1.0,3.4,9.9,2.95,
Jake Bird,29,RP,0.6,4,1,.800,4.73,45,0,5,0,0,0,53.1,56,30,28,5,23,3,62,3,0,4,236,104,3.50,1.481,9.5,0.8,3.9,10.5,2.70,
Tyler Kinley,34,RP,0.2,1,3,.250,5.66,49,0,15,0,0,3,47.2,42,33,30,5,27,4,51,2,0,5,214,87,4.19,1.448,7.9,0.9,5.1,9.6,1.89,
Angel Chivilli,22,,-0.5,1,5,.167,6.79,38,0,2,0,0,0,53.0,66,43,40,9,21,1,40,6,0,4,247,73,5.37,1.642,11.2,1.5,3.6,6.8,1.90,
Bradley Blalock,24,,-0.9,1,4,.200,8.62,11,9,2,0,0,0,47.0,66,45,45,11,18,0,22,2,0,2,217,57,6.53,1.787,12.6,2.1,3.4,4.2,1.22,
Victor Vodnik,25,,1.7,4,3,.571,3.05,45,0,24,0,0,7,44.1,37,17,15,4,22,2,44,0,0,4,186,162,3.82,1.331,7.5,0.8,4.5,8.9,2.00,
Ryan Rolison*,27,,-0.3,1,0,1.000,7.15,27,1,8,0,0,0,39.0,53,33,31,10,18,0,22,0,1,1,180,69,6.73,1.821,12.2,2.3,4.2,5.1,1.22,
Carson Palmquist*,24,,-0.7,0,4,.000,8.91,9,7,0,0,0,0,34.1,45,35,34,10,25,0,27,3,0,1,175,55,7.80,2.039,11.8,2.6,6.6,7.1,1.08,
Ryan Feltner,28,,0.6,0,2,.000,4.75,6,6,0,0,0,0,30.1,33,17,16,4,12,0,25,0,0,0,135,104,4.40,1.484,9.8,1.2,3.6,7.4,2.08,
Zach Agnos,24,,-0.5,1,3,.250,6.98,28,0,13,0,0,4,29.2,31,25,23,5,16,0,17,0,0,2,132,71,5.81,1.584,9.4,1.5,4.9,5.2,1.06,
Anthony Molina,23,,-0.1,1,1,.500,7.43,13,1,5,0,0,0,26.2,39,22,22,11,5,0,20,1,1,0,121,67,7.68,1.650,13.2,3.7,1.7,6.8,4.00,
Jaden Hill,25,,0.2,1,0,1.000,3.92,20,0,7,0,0,0,20.2,24,12,9,1,9,0,20,0,0,2,94,127,3.14,1.597,10.5,0.4,3.9,8.7,2.22,
Luis Peralta*,24,,-0.9,1,3,.250,10.80,20,0,2,0,0,0,16.2,24,22,20,6,16,0,14,2,1,1,91,46,9.38,2.400,13.0,3.2,8.6,7.6,0.88,
Scott Alexander*,35,,0.0,1,1,.500,6.06,19,0,4,0,0,0,16.1,20,11,11,4,7,0,6,1,0,0,72,82,7.06,1.653,11.0,2.2,3.9,3.3,0.86,
Nick Anderson,34,,0.0,0,0,,6.14,12,0,2,0,0,0,14.2,17,10,10,3,2,0,10,0,0,0,61,82,4.85,1.295,10.4,1.8,1.2,6.1,5.00,
Dugan Darnell,28,,0.3,1,0,1.000,3.86,9,0,4,0,0,0,11.2,10,5,5,1,7,0,5,0,0,0,48,130,5.20,1.457,7.7,0.8,5.4,3.9,0.71,
McCade Brown,24,,-0.5,0,3,.000,12.54,3,3,0,0,0,0,9.1,15,13,13,2,7,0,6,4,0,0,53,40,8.18,2.357,14.5,1.9,6.8,5.8,0.86,
Roansy Contreras,25,,-0.2,0,0,,14.73,2,0,1,0,0,0,3.2,6,6,6,2,1,0,3,0,0,0,18,36,9.42,1.909,14.7,4.9,2.5,7.4,3.00,
Jacob Stallings,35,,0.0,0,0,,4.50,1,0,1,0,0,0,2.0,2,1,1,0,0,0,1,0,0,0,8,126,2.14,1.000,9.0,0.0,0.0,4.5,,
Austin Nola,35,,-0.2,0,0,,72.00,1,0,1,0,0,0,1.0,8,8,8,2,0,0,0,0,0,0,11,9,29.14,8.000,72.0,18.0,0.0,0.0,,
Kyle Farmer,34,,0.0,0,0,,9.00,1,0,1,0,0,0,1.0,3,1,1,1,0,0,0,0,0,0,5,71,16.14,3.000,27.0,9.0,0.0,0.0,,
Alan Trejo,29,,0.0,0,0,,0.00,1,0,1,0,0,0,1.0,1,0,0,0,0,0,0,0,0,0,3,,3.14,1.000,9.0,0.0,0.0,0.0,,
Lucas Gilbreath*,29,,0.0,0,0,,9.00,1,0,1,0,0,0,1.0,1,1,1,1,0,0,2,0,0,0,4,71,12.14,1.000,9.0,9.0,0.0,18.0,,
Tarik Skubal*,28,SP,6.6,13,4,.765,2.10,28,28,0,1,1,0,180.0,126,47,42,15,28,0,222,4,1,2,682,198,2.29,0.856,6.3,0.8,1.4,11.1,7.93,AS
Jack Flaherty,29,SP,0.5,7,13,.350,4.85,28,28,0,0,0,0,146.2,137,81,79,22,54,0,171,5,0,2,623,86,3.97,1.302,8.4,1.4,3.3,10.5,3.17,
Casey Mize,28,SP,1.4,14,5,.737,3.83,25,25,0,0,0,0,131.2,135,60,56,19,32,1,118,3,0,2,554,109,4.03,1.268,9.2,1.3,2.2,8.1,3.69,AS
Reese Olson,25,SP,1.7,4,4,.500,3.15,13,13,0,0,0,0,68.2,58,24,24,5,25,2,65,5,0,2,285,133,3.51,1.209,7.6,0.7,3.3,8.5,2.60,
Jackson Jobe,22,SP,0.4,4,1,.800,4.22,10,10,0,0,0,0,49.0,46,24,23,7,27,0,39,2,0,1,218,99,5.18,1.490,8.4,1.3,5.0,7.2,1.44,
Will Vest,30,CL,1.8,6,3,.667,2.66,57,0,36,0,0,20,61.0,49,20,18,4,20,1,65,1,0,3,248,157,2.90,1.131,7.2,0.6,3.0,9.6,3.25,
Tyler Holton*,29,RP,0.4,5,4,.556,3.86,61,5,5,0,0,0,67.2,60,31,29,14,16,1,54,0,0,3,274,108,4.95,1.123,8.0,1.9,2.1,7.2,3.38,
Brant Hurter*,26,RP,0.6,3,3,.500,2.45,38,4,5,0,0,2,58.2,49,25,16,4,27,3,62,11,0,2,256,170,3.86,1.295,7.5,0.6,4.1,9.5,2.30,
Brenan Hanifee,27,RP,-0.1,3,3,.500,3.12,52,0,10,0,0,0,57.2,61,31,20,3,13,2,38,2,0,2,249,134,3.28,1.283,9.5,0.5,2.0,5.9,2.92,
Tommy Kahnle,35,RP,-0.4,1,4,.200,4.80,57,0,15,0,0,9,54.1,46,30,29,8,26,0,45,1,0,3,231,87,4.89,1.325,7.6,1.3,4.3,7.5,1.73,
Keider Montero,24,,0.3,4,3,.571,4.70,16,9,0,0,0,0,76.2,84,42,40,14,26,0,55,2,0,2,332,89,5.18,1.435,9.9,1.6,3.1,6.5,2.12,
Chase Lee,26,,0.2,4,1,.800,4.10,32,0,7,0,0,0,37.1,32,17,17,7,9,1,36,2,0,0,148,102,4.54,1.098,7.7,1.7,2.2,8.7,4.00,
Chris Paddack,29,,-0.5,2,2,.500,6.29,8,6,1,0,0,1,34.1,39,24,24,10,5,0,19,0,0,2,143,67,6.26,1.282,10.2,2.6,1.3,5.0,3.80,
Charlie Morton,41,,-0.3,2,2,.500,6.09,7,7,0,0,0,0,34.0,32,23,23,6,17,1,41,4,0,2,153,69,4.88,1.441,8.5,1.6,4.5,10.9,2.41,
Troy Melton,24,,0.9,3,1,.750,2.38,11,3,0,0,0,0,34.0,23,10,9,4,11,0,29,1,0,1,135,176,4.03,1.000,6.1,1.1,2.9,7.7,2.64,
Sawyer Gipson-Long,27,,-0.3,0,2,.000,5.59,7,3,0,0,0,0,29.0,27,19,18,6,6,0,23,1,0,3,118,75,4.97,1.138,8.4,1.9,1.9,7.1,3.83,
Beau Brieske,27,,-0.8,1,3,.250,6.55,22,1,9,0,0,1,22.0,24,20,16,5,12,1,16,0,0,2,103,64,6.28,1.636,9.8,2.0,4.9,6.5,1.33,
John Brebbia,35,,-0.5,1,0,1.000,7.71,19,0,11,0,0,0,18.2,22,18,16,3,11,0,20,3,0,2,93,55,5.34,1.768,10.6,1.4,5.3,9.6,1.82,
Dietrich Enns*,34,,-0.2,1,1,.500,5.60,7,2,2,0,0,0,17.2,23,12,11,2,4,0,15,0,0,0,77,76,3.60,1.528,11.7,1.0,2.0,7.6,3.75,
Rafael Montero,34,,0.3,1,0,1.000,2.40,12,0,7,0,0,0,15.0,5,4,4,1,10,0,12,0,0,0,56,177,4.41,1.000,3.0,0.6,6.0,7.2,1.20,
Kyle Finnegan,33,,1.0,3,0,1.000,0.00,12,0,4,0,0,4,14.1,3,0,0,0,3,0,19,0,0,1,49,,1.12,0.419,1.9,0.0,1.9,11.9,6.33,
Dylan Smith,25,,0.3,1,0,1.000,1.38,7,0,5,0,0,0,13.0,6,2,2,0,5,0,4,3,0,0,48,308,4.37,0.846,4.2,0.0,3.5,2.8,0.80,
Carlos Hernández,28,,-0.4,0,0,,10.13,11,0,4,0,0,0,10.2,14,13,12,0,6,0,13,0,0,4,53,42,2.39,1.875,11.8,0.0,5.1,11.0,2.17,
Sean Guenther*,29,,-0.1,0,1,.000,5.23,9,1,0,0,0,0,10.1,10,7,6,0,5,0,8,0,0,0,43,82,3.05,1.452,8.7,0.0,4.4,7.0,1.60,
Bailey Horn*,27,,0.2,0,1,.000,2.16,7,0,2,0,0,0,8.1,8,2,2,1,5,0,7,0,0,0,36,201,4.82,1.560,8.6,1.1,5.4,7.6,1.40,
Kenta Maeda,37,,-0.2,0,0,,7.88,7,0,5,0,0,0,8.0,9,8,7,1,6,0,8,3,0,2,43,55,6.14,1.875,10.1,1.1,6.8,9.0,1.33,
Matt Gage*,32,,0.2,0,0,,0.00,6,0,2,0,0,0,5.2,7,0,0,0,2,0,3,0,0,0,25,,3.14,1.588,11.1,0.0,3.2,4.8,1.50,
Luke Jackson,33,,-0.1,0,0,,7.71,3,0,2,0,0,0,4.2,3,4,4,0,5,0,4,0,0,0,22,58,4.64,1.714,5.8,0.0,9.6,7.7,0.80,
Jake Rogers,30,,0.1,0,0,,2.45,4,0,4,0,0,0,3.2,5,1,1,0,0,0,0,1,0,0,16,186,3.96,1.364,12.3,0.0,0.0,0.0,,
Codi Heuer,28,,0.0,0,0,,5.40,2,0,1,0,0,0,3.1,3,2,2,2,2,0,4,0,0,1,16,85,10.34,1.500,8.1,5.4,5.4,10.8,2.00,
Drew Sommers*,24,,-0.3,0,1,.000,18.00,4,0,2,0,0,0,3.0,7,6,6,1,3,0,3,1,0,0,19,26,9.48,3.333,21.0,3.0,9.0,9.0,1.00,
Tyler Owens,24,,0.0,0,0,,3.00,3,0,2,0,0,0,3.0,3,1,1,0,3,0,1,0,0,0,15,155,5.48,2.000,9.0,0.0,9.0,3.0,0.33,
Geoff Hartlieb,31,,-0.1,0,0,,9.00,2,0,1,0,0,0,2.0,3,2,2,1,2,0,1,0,0,0,11,55,11.64,2.500,13.5,4.5,9.0,4.5,0.50,
Tomás Nido,31,,0.1,0,0,,0.00,1,0,1,0,0,0,1.2,0,0,0,0,0,0,0,1,0,0,6,,4.94,0.000,0.0,0.0,0.0,0.0,,
Alex Lange,29,,0.0,0,0,,0.00,1,0,1,0,0,0,1.0,2,0,0,0,1,0,1,0,0,0,6,,4.14,3.000,18.0,0.0,9.0,9.0,1.00,
Framber Valdez*,31,SP,4.1,12,9,.571,3.42,28,28,0,2,0,0,176.1,152,71,67,12,58,0,171,7,1,12,725,123,3.20,1.191,7.8,0.6,3.0,8.7,2.95,
Hunter Brown,26,SP,5.8,11,7,.611,2.25,28,28,0,1,0,0,167.2,118,47,42,14,52,1,190,6,1,0,658,186,3.00,1.014,6.3,0.8,2.8,10.2,3.65,AS
Ryan Gusto,26,SP,0.2,7,4,.636,4.92,24,14,2,0,0,0,86.0,95,50,47,13,28,0,87,3,0,0,379,86,4.17,1.430,9.9,1.4,2.9,9.1,3.11,
Colton Gordon*,26,SP,-0.6,4,4,.500,5.67,16,14,1,0,0,0,73.0,96,49,46,18,15,2,64,2,1,3,330,74,5.29,1.521,11.8,2.2,1.8,7.9,4.27,
Lance McCullers Jr.,31,SP,-1.0,2,5,.286,6.97,14,12,1,0,0,0,50.1,57,42,39,9,37,0,57,7,0,1,251,61,5.83,1.868,10.2,1.6,6.6,10.2,1.54,
Josh Hader*,31,CL,2.3,6,2,.750,2.05,48,0,41,0,0,28,52.2,29,16,12,8,16,1,76,2,0,2,206,206,3.26,0.854,5.0,1.4,2.7,13.0,4.75,AS
Bryan Abreu,28,RP,2.2,3,4,.429,2.49,64,0,13,0,0,4,65.0,45,18,18,4,29,0,100,4,0,3,272,169,2.39,1.138,6.2,0.6,4.0,13.8,3.45,
Steven Okert*,33,RP,1.4,2,2,.500,2.92,60,1,7,0,0,1,64.2,39,22,21,6,15,1,76,2,0,0,246,144,2.79,0.835,5.4,0.8,2.1,10.6,5.07,
Bryan King*,28,RP,1.6,5,3,.625,2.66,62,0,8,0,0,1,61.0,55,18,18,7,11,0,68,4,0,3,250,159,3.14,1.082,8.1,1.0,1.6,10.0,6.18,
Kaleb Ort,33,RP,-0.1,2,2,.500,4.89,49,0,17,0,0,1,46.0,35,26,25,8,27,1,49,0,0,2,194,86,5.04,1.348,6.8,1.6,5.3,9.6,1.81,
Jason Alexander,32,,1.3,4,1,.800,3.19,10,9,1,0,0,1,53.2,49,20,19,8,17,0,47,3,0,1,228,132,4.45,1.230,8.2,1.3,2.9,7.9,2.76,
Brandon Walter*,28,,1.3,1,3,.250,3.35,9,9,0,0,0,0,53.2,46,20,20,10,4,0,52,3,0,0,212,126,4.02,0.932,7.7,1.7,0.7,8.7,13.00,
Bennett Sousa*,30,,1.4,5,1,.833,2.84,44,0,13,0,0,4,50.2,37,18,16,4,15,0,59,0,0,4,199,149,2.73,1.026,6.6,0.7,2.7,10.5,3.93,
Ronel Blanco,31,,0.7,3,4,.429,4.10,9,9,0,0,0,0,48.1,37,22,22,7,20,0,48,0,0,0,199,103,4.28,1.179,6.9,1.3,3.7,8.9,2.40,
Spencer Arrighetti,25,,0.1,1,5,.167,5.35,7,7,0,0,0,0,35.1,30,21,21,6,20,0,31,3,0,0,156,79,5.55,1.415,7.6,1.5,5.1,7.9,1.55,
Hayden Wesneski,27,,0.3,1,3,.250,4.50,6,6,0,0,0,0,32.0,29,16,16,7,6,0,29,1,0,0,131,94,4.83,1.094,8.2,2.0,1.7,8.2,4.83,
Shawn Dubin,29,,-0.3,2,0,1.000,5.61,23,0,1,0,0,0,25.2,30,16,16,6,8,0,21,1,0,0,111,76,5.60,1.481,10.5,2.1,2.8,7.4,2.63,
AJ Blubaugh,24,,0.1,2,1,.667,2.57,7,1,2,0,0,0,21.0,13,11,6,6,6,0,25,0,0,0,83,166,5.33,0.905,5.6,2.6,2.6,10.7,4.17,
Cristian Javier,28,,0.0,1,2,.333,4.43,5,5,0,0,0,0,20.1,15,12,10,2,12,0,20,1,0,2,89,96,4.37,1.328,6.6,0.9,5.3,8.9,1.67,
Tayler Scott,33,,-0.6,1,2,.333,7.36,18,0,1,0,0,0,18.1,21,16,15,3,14,0,17,1,0,0,90,58,5.87,1.909,10.3,1.5,6.9,8.3,1.21,
Enyel De Los Santos,29,,0.8,2,0,1.000,1.35,13,0,2,0,0,0,13.1,9,2,2,2,3,0,13,0,0,0,50,319,3.82,0.900,6.1,1.4,2.0,8.8,4.33,
Luis Contreras,29,,-0.2,0,0,,6.75,9,0,4,0,0,0,12.0,11,9,9,2,8,0,13,0,0,1,54,64,5.14,1.583,8.3,1.5,6.0,9.8,1.63,
Héctor Neris,36,,-0.3,0,1,.000,5.40,12,0,4,0,0,0,11.2,13,11,7,3,8,1,15,0,1,1,56,80,5.97,1.800,10.0,2.3,6.2,11.6,1.88,
Logan VanWey,26,,-0.1,0,0,,5.06,9,0,3,0,0,0,10.2,15,7,6,2,3,0,7,1,0,0,49,86,5.39,1.688,12.7,1.7,2.5,5.9,2.33,
Luis Garcia,28,,0.1,1,0,1.000,3.52,2,2,0,0,0,0,7.2,3,3,3,2,1,0,7,1,0,0,28,125,5.49,0.522,3.5,2.3,1.2,8.2,7.00,
Forrest Whitley,27,,-0.3,0,0,,12.27,5,0,3,0,0,0,7.1,9,10,10,2,6,0,8,1,0,1,39,36,7.37,2.045,11.0,2.5,7.4,9.8,1.33,
Nick Hernandez,30,,0.0,0,0,,5.40,5,0,4,0,0,0,6.2,8,4,4,3,5,0,7,0,0,0,33,82,9.14,1.950,10.8,4.1,6.8,9.5,1.40,
Craig Kimbrel,37,,0.4,0,1,.000,0.00,8,0,4,0,0,0,6.0,4,1,0,0,6,0,9,0,0,0,27,,3.14,1.667,6.0,0.0,9.0,13.5,1.50,
Jordan Weems,32,,-0.2,0,1,.000,14.54,4,0,2,0,0,0,4.1,9,7,7,0,3,0,0,0,0,0,23,31,5.22,2.769,18.7,0.0,6.2,0.0,0.00,
Rafael Montero,34,,0.0,0,0,,4.50,3,0,2,0,0,0,4.0,3,2,2,0,2,0,5,0,0,0,16,102,2.14,1.250,6.8,0.0,4.5,11.3,2.50,
Chas McCormick*,30,,0.0,0,0,,6.00,3,0,3,0,0,0,3.0,3,2,2,0,2,0,1,2,0,0,15,78,6.48,1.667,9.0,0.0,6.0,3.0,0.50,
Jayden Murray,28,,0.1,0,0,,0.00,2,0,1,0,0,0,2.1,0,0,0,0,0,0,1,0,0,0,7,,2.29,0.000,0.0,0.0,0.0,3.9,,
John Rooney*,28,,0.0,0,0,,6.75,1,0,0,0,0,0,1.1,1,1,1,1,1,0,2,0,0,0,6,79,12.14,1.500,6.8,6.8,6.8,13.5,2.00,
César Salazar,29,,0.0,0,0,,0.00,1,0,1,0,0,0,1.0,0,0,0,0,0,0,0,1,0,0,4,,6.14,0.000,0.0,0.0,0.0,0.0,,
Cooper Hummel,30,,-0.1,0,0,,36.00,1,0,1,0,0,0,1.0,5,4,4,1,0,0,0,1,0,0,9,16,19.14,5.000,45.0,9.0,0.0,0.0,,
Michael Wacha,33,SP,3.5,9,11,.450,3.45,28,28,0,0,0,0,159.0,147,61,61,13,41,0,117,3,0,1,653,118,3.57,1.182,8.3,0.7,2.3,6.6,2.85,
Seth Lugo,35,SP,1.8,8,7,.533,4.15,26,26,0,0,0,0,145.1,133,70,67,27,55,1,125,6,0,5,611,98,5.10,1.294,8.2,1.7,3.4,7.7,2.27,
Michael Lorenzen,33,SP,0.4,5,10,.333,4.63,23,23,0,0,0,0,124.1,131,67,64,21,34,0,110,6,0,11,532,88,4.54,1.327,9.5,1.5,2.5,8.0,3.24,
Noah Cameron*,25,SP,3.4,7,7,.500,3.00,21,21,0,0,0,0,120.0,98,40,40,15,36,1,96,3,0,3,486,136,4.14,1.117,7.4,1.1,2.7,7.2,2.67,
Kris Bubic*,27,SP,3.3,8,7,.533,2.55,20,20,0,0,0,0,116.1,98,38,33,6,39,1,116,3,0,1,476,160,2.90,1.178,7.6,0.5,3.0,9.0,2.97,AS
Cole Ragans*,27,SP,-0.2,2,3,.400,5.18,10,10,0,0,0,0,48.2,47,29,28,5,16,0,76,2,0,3,209,79,2.47,1.295,8.7,0.9,3.0,14.1,4.75,
Carlos Estévez,32,CL,1.9,4,5,.444,2.49,62,0,53,0,0,38,61.1,44,21,17,5,21,6,52,3,1,2,250,164,3.68,1.060,6.5,0.7,3.1,7.6,2.48,AS
Daniel Lynch IV*,28,RP,1.2,5,2,.714,2.98,53,2,8,0,0,1,60.1,62,21,20,6,24,1,40,6,0,1,263,137,4.60,1.425,9.2,0.9,3.6,6.0,1.67,
Ángel Zerpa*,25,RP,0.8,5,1,.833,3.55,63,2,4,0,0,0,58.1,59,23,23,6,19,0,55,2,0,0,246,115,3.68,1.337,9.1,0.9,2.9,8.5,2.89,
Lucas Erceg,30,RP,1.4,7,4,.636,2.67,58,0,9,0,0,2,57.1,50,18,17,3,18,3,45,4,0,3,234,153,3.41,1.186,7.8,0.5,2.8,7.1,2.50,
John Schreiber,31,RP,0.7,3,2,.600,3.47,66,0,7,0,0,1,57.0,50,24,22,8,18,1,59,1,0,2,236,118,3.90,1.193,7.9,1.3,2.8,9.3,3.28,
Taylor Clarke,32,,0.9,1,1,.500,3.14,44,0,14,0,0,1,48.2,31,17,17,6,6,0,40,1,0,4,178,130,3.53,0.760,5.7,1.1,1.1,7.4,6.67,
Steven Cruz,26,,0.5,3,1,.750,3.61,43,0,9,0,0,0,42.1,32,18,17,4,18,1,35,1,0,1,175,114,4.07,1.181,6.8,0.9,3.8,7.4,1.94,
Ryan Bergert,25,,0.3,1,2,.333,4.17,7,7,0,0,0,0,36.2,33,18,17,4,14,1,34,0,0,0,155,99,3.85,1.282,8.1,1.0,3.4,8.3,2.43,
Sam Long*,29,,-0.6,2,3,.400,5.35,33,0,18,0,0,0,35.1,40,27,21,5,18,1,31,2,0,4,164,77,4.93,1.642,10.2,1.3,4.6,7.9,1.72,
Jonathan Bowlan,28,,0.2,1,2,.333,3.57,26,0,5,0,0,0,35.1,25,16,14,4,15,0,35,0,0,0,143,115,3.91,1.132,6.4,1.0,3.8,8.9,2.33,
Chris Stratton,34,,-0.4,0,0,,7.94,12,0,7,0,0,0,17.0,29,17,15,2,8,0,16,0,0,0,87,52,4.20,2.176,15.4,1.1,4.2,8.5,2.00,
Stephen Kolek,28,,0.5,1,0,1.000,2.08,2,2,0,0,0,0,13.0,10,3,3,0,1,0,7,0,0,0,50,202,2.30,0.846,6.9,0.0,0.7,4.8,7.00,
Bailey Falter*,28,,-0.7,0,2,.000,11.25,4,2,1,0,0,0,12.0,20,15,15,2,7,0,11,0,0,1,61,37,5.23,2.250,15.0,1.5,5.3,8.3,1.57,
Hunter Harvey,30,,0.7,1,0,1.000,0.00,12,0,1,0,0,0,10.2,6,0,0,0,1,0,11,0,0,0,39,,1.36,0.656,5.1,0.0,0.8,9.3,11.00,
Rich Hill*,45,,-0.1,0,2,.000,5.00,2,2,0,0,0,0,9.0,9,7,5,2,8,0,4,0,0,0,43,85,7.81,1.889,9.0,2.0,8.0,4.0,0.50,
Evan Sisk*,28,,0.1,0,0,,1.69,5,0,1,0,0,0,5.1,5,1,1,0,5,0,11,0,1,1,26,258,1.83,1.875,8.4,0.0,8.4,18.6,2.20,
Luinder Avila,23,,0.1,0,0,,1.80,4,0,2,0,0,0,5.0,3,1,1,0,1,0,7,0,0,0,19,243,0.94,0.800,5.4,0.0,1.8,12.6,7.00,
Andrew Hoffmann,25,,-0.2,0,0,,3.86,3,0,2,0,0,0,4.2,7,6,2,1,4,0,5,0,0,1,26,114,6.36,2.357,13.5,1.9,7.7,9.6,1.25,
Trevor Richards,32,,-0.1,0,0,,12.00,3,0,2,0,0,0,3.0,7,4,4,0,2,0,2,0,0,3,18,38,3.81,3.000,21.0,0.0,6.0,6.0,1.00,
Thomas Hatch,30,,-0.1,0,0,,18.00,1,0,1,0,0,0,1.0,2,2,2,1,0,0,1,0,0,0,5,31,14.14,2.000,18.0,9.0,0.0,9.0,,
Luke Maile,34,,0.0,0,0,,0.00,1,0,1,0,0,0,1.0,0,0,0,0,1,0,0,0,0,0,4,,6.14,1.000,0.0,0.0,9.0,0.0,0.00,
Yoshinobu Yamamoto,26,SP,4.0,11,8,.579,2.72,27,27,0,0,0,0,155.1,107,52,47,14,50,0,177,3,0,5,615,154,3.06,1.011,6.2,0.8,2.9,10.3,3.54,AS
Dustin May,27,SP,-0.3,6,7,.462,4.85,19,18,0,0,0,0,104.0,97,60,56,16,43,3,97,8,0,1,451,86,4.75,1.346,8.4,1.4,3.7,8.4,2.26,
Clayton Kershaw*,37,SP,1.5,10,2,.833,3.27,19,19,0,0,0,0,99.0,89,40,36,7,26,0,69,2,1,4,400,128,3.52,1.162,8.1,0.6,2.4,6.3,2.65,AS
Tyler Glasnow,31,SP,1.6,2,3,.400,3.21,15,15,0,0,0,0,75.2,44,28,27,10,34,0,92,2,2,4,302,131,3.86,1.031,5.2,1.2,4.0,10.9,2.71,
Emmet Sheehan,25,SP,0.4,6,3,.667,3.32,12,10,0,0,0,0,59.2,46,27,22,7,19,0,69,0,0,1,241,127,3.31,1.089,6.9,1.1,2.9,10.4,3.63,
Shohei Ohtani,30,SP,0.4,1,1,.500,3.75,12,12,0,0,0,0,36.0,35,15,15,3,8,0,49,0,0,10,150,112,2.17,1.194,8.8,0.8,2.0,12.3,6.13,AS
Tanner Scott*,30,CL,-0.3,1,3,.250,4.47,53,0,27,0,0,21,50.1,49,28,25,10,12,0,52,2,0,2,205,94,4.49,1.212,8.8,1.8,2.1,9.3,4.33,
Ben Casparius,26,RP,-0.2,7,5,.583,4.64,46,3,6,0,0,2,77.2,78,41,40,8,21,0,71,3,0,1,333,90,3.58,1.275,9.0,0.9,2.4,8.2,3.38,
Jack Dreyer*,26,RP,1.3,2,2,.500,2.74,59,5,13,0,0,3,69.0,51,22,21,3,22,3,65,0,0,1,277,153,2.78,1.058,6.7,0.4,2.9,8.5,2.95,
Anthony Banda*,31,RP,0.7,5,1,.833,3.39,64,0,13,0,0,0,58.1,43,22,22,7,30,5,52,2,0,7,243,124,4.57,1.251,6.6,1.1,4.6,8.0,1.73,
Alex Vesia*,29,RP,1.2,3,2,.600,2.70,60,0,10,0,0,4,53.1,34,17,16,8,18,3,71,5,0,3,212,156,3.73,0.975,5.7,1.4,3.0,12.0,3.94,
Justin Wrobleski*,24,,0.2,4,5,.444,3.97,18,2,8,0,0,1,59.0,55,28,26,5,17,1,64,2,0,1,247,106,3.04,1.220,8.4,0.8,2.6,9.8,3.76,
Blake Snell*,32,,0.3,3,4,.429,3.19,8,8,0,0,0,0,42.1,42,20,15,3,21,1,44,0,0,7,184,132,3.47,1.488,8.9,0.6,4.5,9.4,2.10,
Landon Knack,27,,-0.2,3,2,.600,5.12,9,7,0,0,0,0,38.2,39,24,22,10,18,0,35,2,0,1,172,82,6.25,1.474,9.1,2.3,4.2,8.1,1.94,
Kirby Yates,38,,-0.3,4,3,.571,4.82,45,0,14,0,0,3,37.1,34,22,20,8,14,0,50,1,0,1,159,87,4.46,1.286,8.2,1.9,3.4,12.1,3.57,
Tony Gonsolin,31,,0.0,3,2,.600,5.00,7,7,0,0,0,0,36.0,33,21,20,9,18,0,38,3,0,1,157,84,6.03,1.417,8.3,2.3,4.5,9.5,2.11,
Roki Sasaki,23,,0.3,1,1,.500,4.72,8,8,0,0,0,0,34.1,29,18,18,6,22,0,24,3,0,2,154,89,6.20,1.485,7.6,1.6,5.8,6.3,1.09,
Matt Sauer,26,,-0.7,2,1,.667,6.37,10,1,4,0,0,1,29.2,35,23,21,6,8,0,24,2,0,1,129,66,5.17,1.449,10.6,1.8,2.4,7.3,3.00,
Luis García,38,,-0.2,2,0,1.000,5.27,28,0,12,0,0,0,27.1,34,17,16,1,16,4,24,0,0,6,126,80,3.62,1.829,11.2,0.3,5.3,7.9,1.50,
Lou Trivino,33,,0.1,2,1,.667,3.76,26,2,1,0,0,0,26.1,29,12,11,2,8,1,18,4,1,1,115,113,4.13,1.405,9.9,0.7,2.7,6.2,2.25,
Blake Treinen,37,,0.1,1,3,.250,4.05,24,0,7,0,0,2,20.0,22,9,9,3,11,0,31,2,0,1,94,105,3.94,1.650,9.9,1.4,5.0,14.0,2.82,
Edgardo Henriquez,23,,0.4,0,1,.000,1.98,15,0,2,0,0,0,13.2,12,3,3,0,4,0,9,0,0,2,57,217,2.70,1.171,7.9,0.0,2.6,5.9,2.25,
Will Klein,25,,-0.1,1,1,.500,3.38,10,0,4,0,0,0,10.2,12,6,4,0,9,0,15,2,0,0,53,128,3.43,1.969,10.1,0.0,7.6,12.7,1.67,
Alexis Díaz,28,,-0.1,1,0,1.000,5.00,9,0,1,0,0,0,9.0,7,5,5,2,2,0,9,2,0,0,38,87,5.37,1.000,7.0,2.0,2.0,9.0,4.50,
Michael Kopech,29,,0.3,0,0,,1.08,10,0,1,0,0,0,8.1,4,1,1,0,5,0,10,0,1,1,35,403,2.54,1.080,4.3,0.0,5.4,10.8,2.00,
Noah Davis,28,,-0.8,0,1,.000,19.50,5,0,2,0,0,0,6.0,10,14,13,3,5,0,8,4,0,0,35,23,11.48,2.500,15.0,4.5,7.5,12.0,1.60,
Evan Phillips,30,,0.4,0,0,,0.00,7,0,1,0,0,1,5.2,4,0,0,0,2,0,6,0,0,0,22,,2.09,1.059,6.4,0.0,3.2,9.5,3.00,
Kiké Hernández,33,,-0.4,0,0,,15.19,5,0,3,0,0,0,5.1,11,11,9,1,8,0,1,0,0,1,37,29,9.71,3.563,18.6,1.7,13.5,1.7,0.13,
Miguel Rojas,36,,-0.2,0,0,,12.60,4,0,4,0,0,0,5.0,11,7,7,3,2,0,0,1,0,0,28,36,12.74,2.600,19.8,5.4,3.6,0.0,0.00,
Bobby Miller,26,,-0.3,0,0,,12.60,2,1,1,0,0,0,5.0,11,7,7,2,2,1,7,1,0,0,28,36,7.34,2.600,19.8,3.6,3.6,12.6,3.50,
Yoendrys Gómez,25,,-0.2,0,0,,14.54,3,0,2,0,0,1,4.1,10,7,7,2,2,0,6,0,0,0,25,31,7.76,2.769,20.8,4.2,4.2,12.5,3.00,
Chris Stratton,34,,0.0,0,0,,6.75,3,0,2,0,0,0,4.0,3,3,3,2,2,0,6,0,0,0,17,68,8.14,1.250,6.8,4.5,4.5,13.5,3.00,
Brock Stewart,33,,0.0,0,1,.000,4.91,4,0,1,0,0,0,3.2,6,2,2,0,2,0,3,1,0,0,20,94,3.96,2.182,14.7,0.0,4.9,7.4,1.50,
Ryan Loutos,26,,-0.2,0,0,,15.00,2,0,2,0,0,0,3.0,4,5,5,1,2,0,2,1,0,0,16,31,9.14,2.000,12.0,3.0,6.0,6.0,1.00,
Jack Little,27,,0.0,0,0,,6.00,2,0,2,0,0,0,3.0,4,2,2,0,1,0,2,1,0,0,14,78,3.81,1.667,12.0,0.0,3.0,6.0,2.00,
José Ureña,33,,0.1,0,0,,3.00,2,0,0,0,0,0,3.0,4,1,1,0,1,1,2,0,0,1,13,156,2.81,1.667,12.0,0.0,3.0,6.0,2.00,
Paul Gervase,25,,0.0,0,0,,4.50,1,0,0,0,0,0,2.0,2,1,1,0,1,0,2,0,0,0,9,110,2.64,1.500,9.0,0.0,4.5,9.0,2.00,
J.P. Feyereisen,32,,-0.3,0,1,.000,13.50,2,0,1,0,0,0,2.0,8,4,3,1,1,1,2,0,0,0,14,37,9.14,4.500,36.0,4.5,4.5,9.0,2.00,
Julian Fernández,29,,0.0,0,0,,9.00,1,0,1,0,0,0,2.0,2,2,2,1,1,0,1,0,0,0,9,55,10.14,1.500,9.0,4.5,4.5,4.5,1.00,
Freddy Peralta,29,SP,5.4,16,5,.762,2.50,29,29,0,0,0,0,158.2,109,45,44,16,61,0,176,9,0,4,649,168,3.56,1.071,6.2,0.9,3.5,10.0,2.89,AS
Quinn Priester,24,SP,2.8,12,2,.857,3.25,26,21,2,0,0,0,141.1,128,55,51,17,46,0,113,5,0,3,586,129,4.19,1.231,8.2,1.1,2.9,7.2,2.46,
Jose Quintana*,36,SP,1.4,11,6,.647,3.88,23,23,0,0,0,0,127.2,116,62,55,18,48,0,87,5,1,1,539,108,4.86,1.285,8.2,1.3,3.4,6.1,1.81,
Chad Patrick,26,SP,1.4,3,8,.273,3.70,22,21,0,0,0,0,109.1,105,47,45,13,37,1,112,4,0,1,462,113,3.77,1.299,8.6,1.1,3.0,9.2,3.03,
Brandon Woodruff,32,SP,1.0,6,2,.750,3.32,11,11,0,0,0,0,59.2,43,25,22,8,14,0,74,3,0,1,239,127,3.26,0.955,6.5,1.2,2.1,11.2,5.29,
Jacob Misiorowski,23,SP,0.7,5,2,.714,4.09,12,12,0,0,0,0,55.0,36,26,25,6,24,0,77,1,0,1,220,103,3.13,1.091,5.9,1.0,3.9,12.6,3.21,AS
Trevor Megill,31,CL,1.4,5,3,.625,2.54,49,0,44,0,0,30,46.0,36,16,13,3,17,3,58,0,0,2,189,165,2.58,1.152,7.0,0.6,3.3,11.3,3.41,AS
Abner Uribe,25,RP,2.2,2,2,.500,1.84,68,0,11,0,0,5,68.1,48,17,14,4,26,2,81,5,1,5,272,228,2.90,1.083,6.3,0.5,3.4,10.7,3.12,
Grant Anderson,28,RP,0.6,2,5,.286,2.83,58,0,17,0,0,0,63.2,49,28,20,6,28,3,67,2,0,0,270,148,3.68,1.209,6.9,0.8,4.0,9.5,2.39,
Jared Koenig*,31,RP,1.0,5,1,.833,3.26,65,0,6,0,0,1,58.0,53,21,21,6,19,1,58,3,0,1,240,129,3.63,1.241,8.2,0.9,2.9,9.0,3.05,
Nick Mears,28,RP,0.5,5,3,.625,3.42,59,0,4,0,0,1,52.2,38,23,20,6,10,0,43,1,0,2,202,123,3.62,0.911,6.5,1.0,1.7,7.3,4.30,
Aaron Ashby*,27,,1.4,3,2,.600,2.56,36,1,9,0,0,3,56.1,44,16,16,3,21,0,64,4,0,5,227,164,2.90,1.154,7.0,0.5,3.4,10.2,3.05,
Tobias Myers,26,,0.4,1,2,.333,3.86,18,6,5,0,0,0,42.0,49,19,18,4,13,0,34,1,1,0,186,109,3.76,1.476,10.5,0.9,2.8,7.3,2.62,
DL Hall*,26,,0.6,1,0,1.000,3.35,19,3,2,0,0,0,37.2,22,14,14,1,17,0,27,0,0,0,151,126,3.41,1.035,5.3,0.2,4.1,6.5,1.59,
Tyler Alexander*,30,,-1.2,3,5,.375,6.19,21,4,7,0,0,1,36.1,42,31,25,3,12,0,30,1,1,0,164,68,3.64,1.486,10.4,0.7,3.0,7.4,2.50,
Logan Henderson,23,,1.0,3,0,1.000,1.78,5,5,0,0,0,0,25.1,17,5,5,3,8,0,33,0,0,0,99,238,3.03,0.987,6.0,1.1,2.8,11.7,4.13,
Aaron Civale,30,,0.1,1,2,.333,4.91,5,5,0,0,0,0,22.0,23,12,12,5,7,1,19,2,0,0,94,86,5.60,1.364,9.4,2.0,2.9,7.8,2.71,
Joel Payamps,31,,-0.8,0,1,.000,8.41,25,0,9,0,0,1,20.1,29,19,19,3,7,1,19,0,0,0,95,51,4.23,1.770,12.8,1.3,3.1,8.4,2.71,
Elvin Rodríguez,27,,-0.6,0,2,.000,8.68,6,2,3,0,0,0,18.2,23,18,18,7,7,0,17,1,0,0,84,49,7.48,1.607,11.1,3.4,3.4,8.2,2.43,
Rob Zastryzny*,33,,0.6,2,1,.667,1.59,19,1,3,0,0,0,17.0,11,3,3,3,5,1,17,0,0,1,66,268,4.32,0.941,5.8,1.6,2.6,9.0,3.40,
Easton McGee,27,,0.0,0,0,,5.52,9,0,8,0,0,0,14.2,15,9,9,1,5,1,13,0,0,0,62,77,3.28,1.364,9.2,0.6,3.1,8.0,2.60,
Bryan Hudson*,28,,-0.2,0,1,.000,4.35,12,0,2,0,0,0,10.1,8,7,5,0,12,2,13,2,1,0,54,99,4.69,1.935,7.0,0.0,10.5,11.3,1.08,
Shelby Miller,34,,-0.1,1,0,1.000,5.59,11,0,2,0,0,0,9.2,9,6,6,2,4,1,14,1,0,1,43,78,4.49,1.345,8.4,1.9,3.7,13.0,3.50,
Craig Yoho,25,,-0.2,0,0,,7.27,8,0,2,0,0,0,8.2,8,7,7,1,9,0,7,1,0,0,41,60,6.49,1.962,8.3,1.0,9.3,7.3,0.78,
Nestor Cortes*,30,,-0.3,1,1,.500,9.00,2,2,0,0,0,0,8.0,7,8,8,5,7,0,8,0,0,0,38,48,11.89,1.750,7.9,5.6,7.9,9.0,1.14,
Carlos Rodríguez,23,,-0.2,1,0,1.000,8.22,3,0,2,0,0,0,7.2,12,7,7,1,7,0,6,0,0,1,41,53,6.01,2.478,14.1,1.2,8.2,7.0,0.86,
Elvis Peguero,28,,-0.2,0,0,,4.91,6,0,2,0,0,0,7.1,8,6,4,1,4,0,5,1,0,1,36,89,5.60,1.636,9.8,1.2,4.9,6.1,1.25,
Connor Thomas*,27,,-0.5,0,0,,20.25,2,0,0,0,0,0,5.1,12,12,12,3,2,0,5,1,0,0,31,22,10.27,2.625,20.3,5.1,3.4,8.4,2.50,
Erick Fedde,32,,0.1,0,1,.000,3.60,2,0,0,0,0,0,5.0,9,2,2,1,0,0,2,0,0,0,23,124,4.94,1.800,16.2,1.8,0.0,3.6,,
Jake Bauers*,29,,-0.1,0,0,,3.60,5,0,5,0,0,0,5.0,8,4,2,0,3,0,1,2,0,0,29,124,5.74,2.200,14.4,0.0,5.4,1.8,0.33,
Anthony Seigler,26,,0.0,0,0,,0.00,1,0,1,0,0,0,1.0,1,0,0,0,0,0,0,0,0,0,4,,3.14,1.000,9.0,0.0,0.0,0.0,,
Joe Ryan,29,SP,4.4,13,8,.619,3.32,28,27,0,0,0,0,157.0,124,60,58,20,34,0,176,12,2,0,628,128,3.44,1.006,7.1,1.1,1.9,10.1,5.18,AS
Bailey Ober,29,SP,0.8,5,7,.417,5.08,24,24,0,1,0,0,129.1,145,74,73,29,28,0,105,4,2,1,557,84,5.18,1.338,10.1,2.0,1.9,7.3,3.75,
Chris Paddack,29,SP,0.9,3,9,.250,4.95,21,21,0,0,0,0,111.0,115,65,61,17,27,0,83,3,0,3,472,86,4.45,1.279,9.3,1.4,2.2,6.7,3.07,
Simeon Woods Richardson,24,SP,1.2,6,4,.600,4.58,20,19,0,0,0,0,94.1,90,51,48,16,41,0,84,3,1,3,409,93,4.97,1.389,8.6,1.5,3.9,8.0,2.05,
Zebby Matthews,25,SP,0.5,4,5,.444,5.06,14,14,0,0,0,0,69.1,79,40,39,10,22,0,80,0,0,2,305,84,3.66,1.457,10.3,1.3,2.9,10.4,3.64,
Pablo López,29,SP,1.9,5,4,.556,2.84,12,12,0,0,0,0,66.2,57,24,21,6,15,0,65,3,2,1,272,150,3.17,1.080,7.7,0.8,2.0,8.8,4.33,
Jhoan Duran,27,CL,2.3,6,4,.600,2.01,49,0,36,0,0,16,49.1,40,13,11,1,18,4,53,3,0,2,206,213,2.54,1.176,7.3,0.2,3.3,9.7,2.94,
Cole Sands,27,RP,1.0,3,3,.500,3.73,60,3,13,0,0,2,62.2,54,30,26,6,16,0,58,2,0,3,255,114,3.40,1.117,7.8,0.9,2.3,8.3,3.63,
Justin Topa,34,RP,0.4,1,5,.167,3.90,54,1,17,0,0,4,60.0,68,32,26,2,18,3,49,4,0,0,268,109,3.04,1.433,10.2,0.3,2.7,7.4,2.72,
Louis Varland,27,RP,1.8,3,3,.500,2.02,51,0,7,0,0,0,49.0,41,14,11,3,13,1,47,2,0,0,197,211,2.94,1.102,7.5,0.6,2.4,8.6,3.62,
Griffin Jax,30,RP,0.2,1,5,.167,4.50,50,0,3,0,0,0,46.0,46,24,23,4,13,2,72,1,0,0,198,95,2.06,1.283,9.0,0.8,2.5,14.1,5.54,
David Festa,25,,0.3,3,4,.429,5.40,11,10,0,0,0,0,53.1,49,35,32,10,19,0,53,4,0,1,229,79,4.89,1.275,8.3,1.7,3.2,8.9,2.79,
Brock Stewart,33,,1.4,2,1,.667,2.38,39,0,2,0,0,0,34.0,26,9,9,3,11,2,41,3,0,1,139,180,3.11,1.088,6.9,0.8,2.9,10.9,3.73,
Kody Funderburk*,28,,0.2,3,1,.750,4.55,30,0,10,0,0,1,31.2,41,17,16,2,18,1,27,2,1,4,151,94,4.15,1.863,11.7,0.6,5.1,7.7,1.50,
Danny Coulombe*,35,,1.6,1,0,1.000,1.16,40,1,7,0,0,2,31.0,21,4,4,0,9,0,31,0,0,1,122,369,2.01,0.968,6.1,0.0,2.6,9.0,3.44,
Travis Adams,25,,-0.8,1,3,.250,8.00,11,2,2,0,0,0,27.0,33,25,24,6,14,0,27,3,0,4,129,54,5.92,1.741,11.0,2.0,4.7,9.0,1.93,
Thomas Hatch,30,,-0.4,2,1,.667,6.58,8,1,1,0,0,0,26.0,31,20,19,5,14,1,18,0,0,0,120,65,5.87,1.731,10.7,1.7,4.8,6.2,1.29,
Jorge Alcala,29,,-0.8,0,2,.000,8.88,22,0,8,0,0,0,24.1,29,25,24,5,15,0,28,1,0,3,114,48,5.49,1.808,10.7,1.8,5.5,10.4,1.87,
Pierson Ohl,25,,-0.8,0,3,.000,6.95,8,3,2,0,0,0,22.0,33,22,17,5,6,0,18,0,0,0,103,62,5.28,1.773,13.5,2.0,2.5,7.4,3.00,
Michael Tonkin,35,,0.4,2,1,.667,3.72,16,0,4,0,0,0,19.1,13,8,8,2,7,0,15,3,0,0,79,116,4.49,1.034,6.1,0.9,3.3,7.0,2.14,
José Ureña,33,,0.2,0,1,.000,4.58,4,3,0,0,0,0,17.2,17,9,9,1,8,0,10,2,0,1,78,94,4.45,1.415,8.7,0.5,4.1,5.1,1.25,
Taj Bradley,24,,-0.3,0,1,.000,7.20,3,3,0,0,0,0,15.0,18,12,12,2,5,0,14,0,0,1,66,60,4.01,1.533,10.8,1.2,3.0,8.4,2.80,
Brooks Kriske,31,,-0.8,0,1,.000,11.25,12,0,4,0,0,0,12.0,18,15,15,1,10,0,14,0,0,1,64,39,4.39,2.333,13.5,0.8,7.5,10.5,1.40,
Erasmo Ramírez,35,,0.3,0,1,.000,2.45,9,0,8,0,0,1,11.0,10,4,3,2,2,1,5,0,0,1,42,178,5.14,1.091,8.2,1.6,1.6,4.1,2.50,
Génesis Cabrera*,28,,-0.4,0,1,.000,8.68,10,0,4,0,0,1,9.1,10,10,9,3,8,0,8,1,1,1,46,51,8.50,1.929,9.6,2.9,7.7,7.7,1.00,
Joey Wentz*,27,,-0.4,0,0,,15.75,6,0,2,0,0,0,8.0,17,14,14,3,9,0,6,0,0,2,49,28,9.89,3.250,19.1,3.4,10.1,6.8,0.67,
Jonah Bride,29,,-0.3,0,0,,15.00,4,0,4,0,0,0,6.0,14,10,10,1,3,0,2,2,0,0,37,30,7.14,2.833,21.0,1.5,4.5,3.0,0.67,
Randy Dobnak,30,,0.1,0,0,,1.69,1,0,1,0,0,0,5.1,2,1,1,1,2,0,1,0,0,0,19,268,6.33,0.750,3.4,1.7,3.4,1.7,0.50,
Darren McCaughan,29,,0.2,0,0,,1.69,3,0,1,0,0,0,5.1,5,1,1,0,1,0,6,0,0,0,23,268,1.46,1.125,8.4,0.0,1.7,10.1,6.00,
Noah Davis,28,,-0.5,0,1,.000,16.20,4,0,1,0,0,0,5.0,12,10,9,4,1,0,7,3,0,1,30,28,13.14,2.600,21.6,7.2,1.8,12.6,7.00,
Scott Blewett,29,,0.1,0,0,,1.93,2,0,2,0,0,0,4.2,4,1,1,0,0,0,5,1,0,0,19,237,1.64,0.857,7.7,0.0,0.0,9.6,,
Anthony Misiewicz*,30,,-0.1,0,0,,10.38,4,0,1,0,0,0,4.1,4,5,5,2,3,0,5,0,0,2,20,44,8.91,1.615,8.3,4.2,6.2,10.4,1.67,
Mick Abel,23,,-0.7,0,2,.000,24.75,2,1,0,0,0,0,4.0,14,12,11,1,3,0,3,0,0,0,29,19,7.14,4.250,31.5,2.3,6.8,6.8,1.00,
Ryan Fitzgerald,31,,0.1,0,0,,0.00,2,0,2,0,0,0,2.0,2,0,0,0,0,0,0,0,0,0,8,,3.14,1.000,9.0,0.0,0.0,0.0,,
Willi Castro,28,,0.0,0,0,,0.00,1,0,1,0,0,0,1.0,1,0,0,0,0,0,0,0,0,0,4,,3.14,1.000,9.0,0.0,0.0,0.0,,
Kody Clemens,29,,-0.1,0,0,,18.00,1,0,1,0,0,0,1.0,3,2,2,2,0,0,0,0,0,0,6,32,29.14,3.000,27.0,18.0,0.0,0.0,,
David Peterson*,29,SP,2.1,9,5,.643,3.72,27,27,0,1,1,0,157.1,148,70,65,9,59,1,140,6,1,3,666,109,3.35,1.316,8.5,0.5,3.4,8.0,2.37,AS
Clay Holmes,32,SP,1.5,11,7,.611,3.61,28,28,0,0,0,0,147.0,136,67,59,12,59,0,117,11,1,5,630,112,4.04,1.327,8.3,0.7,3.6,7.2,1.98,
Kodai Senga,32,SP,2.1,7,6,.538,3.02,22,22,0,0,0,0,113.1,94,44,38,12,55,0,109,3,0,5,482,135,4.13,1.315,7.5,1.0,4.4,8.7,1.98,
Griffin Canning,29,SP,1.1,7,3,.700,3.77,16,16,0,0,0,0,76.1,70,35,32,8,35,0,70,0,0,3,328,108,4.05,1.376,8.3,0.9,4.1,8.3,2.00,
Tylor Megill,29,SP,0.3,5,5,.500,3.95,14,14,0,0,0,0,68.1,60,37,30,6,33,0,89,7,0,3,305,103,3.44,1.361,7.9,0.8,4.3,11.7,2.70,
Sean Manaea*,33,SP,-0.4,1,3,.250,5.76,11,10,1,0,0,0,50.0,52,32,32,10,10,0,64,7,0,2,219,71,4.20,1.240,9.4,1.8,1.8,11.5,6.40,
Edwin Díaz,31,CL,2.2,6,2,.750,1.83,52,0,41,0,0,26,54.0,32,13,11,4,20,0,83,7,0,6,216,222,2.53,0.963,5.3,0.7,3.3,13.8,4.15,AS
Reed Garrett,32,RP,0.7,3,5,.375,3.54,55,1,8,0,0,3,53.1,41,24,21,5,24,2,63,0,0,3,223,115,3.35,1.219,6.9,0.8,4.1,10.6,2.63,
Huascar Brazobán,35,RP,0.2,5,2,.714,3.91,46,3,6,0,0,2,53.0,44,26,23,5,26,1,51,4,0,2,223,104,4.14,1.321,7.5,0.8,4.4,8.7,1.96,
Ryne Stanek,33,RP,-1.1,3,6,.333,5.44,57,0,15,0,0,3,48.0,50,35,29,5,29,0,49,0,0,5,222,75,4.27,1.646,9.4,0.9,5.4,9.2,1.69,
José Buttó,27,RP,0.4,3,2,.600,3.64,34,0,7,0,0,1,47.0,43,21,19,2,22,1,41,1,1,3,198,112,3.42,1.383,8.2,0.4,4.2,7.9,1.86,
Frankie Montas,32,,-0.7,3,2,.600,6.28,9,7,1,0,0,0,38.2,48,29,27,8,14,0,32,1,0,1,178,65,5.34,1.603,11.2,1.9,3.3,7.4,2.29,
Max Kranick,27,,0.4,3,2,.600,3.65,24,0,6,0,0,0,37.0,34,15,15,5,5,0,25,0,0,0,148,112,3.95,1.054,8.3,1.2,1.2,6.1,5.00,
Nolan McLean,23,,1.6,4,1,.800,1.42,5,5,0,0,0,0,31.2,20,5,5,1,10,0,33,1,0,0,119,288,2.51,0.947,5.7,0.3,2.8,9.4,3.30,
Brandon Waddell*,31,,0.3,0,0,,3.45,11,1,4,0,0,0,31.1,29,12,12,4,11,0,22,1,0,0,134,119,4.55,1.277,8.3,1.1,3.2,6.3,2.00,
Paul Blackburn,31,,-0.4,0,3,.000,6.85,7,4,2,0,0,1,23.2,31,19,18,3,8,0,18,1,0,1,110,60,4.41,1.648,11.8,1.1,3.0,6.8,2.25,
Justin Hagenman,28,,0.0,0,1,.000,4.56,9,1,6,0,0,1,23.2,24,13,12,4,2,0,23,1,0,0,99,90,3.78,1.099,9.1,1.5,0.8,8.7,11.50,
Tyler Rogers,34,,0.6,0,2,.000,1.96,18,0,3,0,0,0,18.1,21,4,4,0,1,0,8,1,0,0,75,210,2.60,1.200,10.3,0.0,0.5,3.9,8.00,
Brooks Raley*,37,,0.5,1,0,1.000,1.96,20,0,1,0,0,0,18.1,10,4,4,0,5,0,18,1,0,0,71,210,2.16,0.818,4.9,0.0,2.5,8.8,3.60,
Chris Devenski,34,,0.3,0,0,,2.30,12,1,6,0,0,0,15.2,8,4,4,1,5,0,12,2,0,0,60,180,3.78,0.830,4.6,0.6,2.9,6.9,2.40,
José Castillo*,29,,0.3,1,1,.500,2.35,16,0,2,0,0,0,15.1,21,6,4,0,6,0,19,4,0,1,74,177,2.62,1.761,12.3,0.0,3.5,11.2,3.17,
Gregory Soto*,30,,0.1,1,3,.250,1.76,17,0,2,0,0,0,15.1,17,7,3,0,4,0,16,3,0,2,72,235,2.43,1.370,10.0,0.0,2.3,9.4,4.00,
Blade Tidwell,24,,-0.5,1,1,.500,9.00,4,2,1,0,0,0,15.0,23,15,15,4,10,0,10,1,0,0,78,46,7.48,2.200,13.8,2.4,6.0,6.0,1.00,
Rico Garcia,31,,0.3,0,0,,2.13,8,0,4,0,0,0,12.2,7,3,3,1,2,0,16,0,0,1,47,195,2.12,0.711,5.0,0.7,1.4,11.4,8.00,
Ryan Helsley,30,,-1.3,0,3,.000,10.50,15,0,4,0,0,0,12.0,19,18,14,3,8,1,15,0,0,1,65,40,5.89,2.250,14.3,2.3,6.0,11.3,1.88,
Kevin Herget,34,,0.0,0,0,,3.27,5,0,3,0,0,0,11.0,10,5,4,0,3,0,5,0,0,2,46,128,3.05,1.182,8.2,0.0,2.5,4.1,1.67,
Jonah Tong,22,,-0.2,1,1,.500,4.09,2,2,0,0,0,0,11.0,9,8,5,3,4,0,12,0,0,2,46,102,5.60,1.182,7.4,2.5,3.3,9.8,3.00,
A.J. Minter*,31,,0.4,0,0,,1.64,13,0,1,0,0,0,11.0,6,2,2,0,5,0,14,0,1,0,44,256,1.96,1.000,4.9,0.0,4.1,11.5,2.80,
Dedniel Núñez,29,,0.0,0,0,,4.66,10,0,3,0,0,0,9.2,6,5,5,1,6,0,11,0,0,1,41,90,4.08,1.241,5.6,0.9,5.6,10.2,1.83,
Austin Warren,29,,0.4,1,0,1.000,0.96,5,0,1,0,0,0,9.1,5,1,1,1,4,0,9,0,0,0,34,437,3.89,0.964,4.8,1.0,3.9,8.7,2.25,
Danny Young*,31,,0.0,0,0,,4.32,10,0,4,0,0,0,8.1,9,5,4,0,3,0,13,1,0,0,37,98,1.46,1.440,9.7,0.0,3.2,14.0,4.33,
Génesis Cabrera*,28,,0.1,0,0,,3.52,6,0,1,0,0,0,7.2,7,3,3,1,3,0,7,0,0,0,32,121,4.19,1.304,8.2,1.2,3.5,8.2,2.33,
Justin Garza,31,,0.0,0,0,,5.40,5,0,4,0,0,0,6.2,8,4,4,1,1,0,3,0,0,1,28,79,4.64,1.350,10.8,1.4,1.4,4.1,3.00,
Richard Lovelady*,29,,-0.2,0,0,,8.10,6,0,0,0,0,0,6.2,8,6,6,2,3,0,5,1,0,0,32,53,7.34,1.650,10.8,2.7,4.1,6.8,1.67,
Brandon Sproat,24,,0.0,0,1,.000,4.50,1,1,0,0,0,0,6.0,3,3,3,0,4,0,7,0,0,0,24,96,2.81,1.167,4.5,0.0,6.0,10.5,1.75,
Alex Carrillo,28,,-0.5,0,1,.000,13.50,3,0,0,0,0,0,4.2,6,7,7,4,2,0,4,1,0,1,22,32,14.50,1.714,11.6,7.7,3.9,7.7,2.00,
Ty Adcock,28,,0.0,0,0,,3.00,3,0,1,0,0,0,3.0,2,1,1,1,2,0,5,0,0,0,14,152,6.14,1.333,6.0,3.0,6.0,15.0,2.50,
José Ureña,33,,-0.1,0,0,,15.00,1,0,1,0,0,1,3.0,7,5,5,2,1,0,3,0,0,0,17,30,10.81,2.667,21.0,6.0,3.0,9.0,3.00,
Tyler Zuber,30,,0.0,0,0,,9.00,1,0,1,0,0,0,2.0,3,2,2,0,0,0,3,0,0,0,9,53,0.14,1.500,13.5,0.0,0.0,13.5,,
Zach Pop,28,,-0.2,0,1,.000,20.25,1,0,0,0,0,0,1.1,5,3,3,1,0,0,0,0,0,0,9,26,12.89,3.750,33.8,6.8,0.0,0.0,,
Travis Jankowski,34,,-0.1,0,0,,18.00,1,0,1,0,0,0,1.0,2,2,2,0,1,0,0,1,0,0,6,31,9.14,3.000,18.0,0.0,9.0,0.0,0.00,
Luis Torrens,29,,-0.2,0,0,,54.00,2,0,1,0,0,0,0.2,5,4,4,2,1,0,0,0,0,0,8,12,46.64,9.000,67.5,27.0,13.5,0.0,0.00,
Colin Poche*,31,,-0.1,0,0,,27.00,1,0,1,0,0,0,0.2,2,2,2,0,2,0,1,0,0,0,6,24,9.14,6.000,27.0,0.0,27.0,13.5,0.50,
Jonathan Pintaro,27,,-0.1,0,0,,27.00,1,0,0,0,0,0,0.2,2,2,2,0,2,0,1,0,0,0,6,24,9.14,6.000,27.0,0.0,27.0,13.5,0.50,
Jared Young,29,,0.0,0,0,,0.00,1,0,1,0,0,0,0.1,1,0,0,0,1,0,0,0,0,0,3,,12.14,6.000,27.0,0.0,27.0,0.0,0.00,
Max Fried*,31,SP,3.4,16,5,.762,3.02,29,29,0,0,0,0,176.0,148,70,59,13,46,0,163,10,1,8,723,134,3.21,1.102,7.6,0.7,2.4,8.3,3.54,AS
Carlos Rodón*,32,SP,3.9,16,7,.696,3.12,29,29,0,0,0,0,170.1,114,66,59,20,69,0,180,7,0,4,691,130,3.90,1.074,6.0,1.1,3.6,9.5,2.61,AS
Will Warren,26,SP,0.9,8,6,.571,4.22,30,30,0,0,0,0,147.0,138,77,69,18,61,0,158,4,1,2,640,96,3.91,1.354,8.4,1.1,3.7,9.7,2.59,
Clarke Schmidt,29,SP,1.6,4,4,.500,3.32,14,14,0,0,0,0,78.2,56,29,29,9,30,0,73,1,2,2,316,122,3.96,1.093,6.4,1.0,3.4,8.4,2.43,
Cam Schlittler,24,SP,1.1,2,3,.400,3.24,10,10,0,0,0,0,50.0,45,18,18,6,22,0,56,3,0,1,212,125,3.96,1.340,8.1,1.1,4.0,10.1,2.55,
Marcus Stroman,34,SP,-0.4,3,2,.600,6.23,9,9,0,0,0,0,39.0,44,27,27,6,16,0,26,2,0,1,175,65,5.20,1.538,10.2,1.4,3.7,6.0,1.63,
Devin Williams,30,CL,-0.8,3,6,.333,5.50,59,0,29,0,0,18,54.0,41,37,33,5,24,1,79,4,0,4,230,74,2.98,1.204,6.8,0.8,4.0,13.2,3.29,
Tim Hill*,35,RP,1.2,4,4,.500,2.89,64,0,17,0,0,0,62.1,53,24,20,7,16,3,34,0,0,1,250,140,4.28,1.107,7.7,1.0,2.3,4.9,2.13,
Luke Weaver,31,RP,1.4,3,4,.429,2.81,55,0,16,0,0,8,57.2,38,20,18,9,17,1,64,1,0,1,230,144,3.89,0.954,5.9,1.4,2.7,10.0,3.76,
Mark Leiter Jr.,34,RP,-0.8,5,7,.417,5.15,54,0,10,0,0,2,43.2,52,30,25,5,15,0,51,4,0,7,198,79,3.60,1.534,10.7,1.0,3.1,10.5,3.40,
Fernando Cruz,35,RP,0.1,2,4,.333,3.76,40,0,4,0,0,2,40.2,28,19,17,3,18,0,65,3,0,5,167,108,2.46,1.131,6.2,0.7,4.0,14.4,3.61,
Ryan Yarbrough*,33,,1.0,3,1,.750,3.71,17,8,3,0,0,0,60.2,51,25,25,11,17,0,52,2,0,0,245,109,4.73,1.121,7.6,1.6,2.5,7.7,3.06,
Ian Hamilton,30,,0.1,2,1,.667,4.28,36,1,5,0,0,0,40.0,28,20,19,5,22,1,42,1,0,2,166,95,4.39,1.250,6.3,1.1,5.0,9.5,1.91,
Yerry De los Santos,27,,0.3,0,1,.000,3.28,25,0,5,0,0,0,35.2,37,15,13,1,17,0,28,1,0,2,160,124,3.45,1.514,9.3,0.3,4.3,7.1,1.65,
Luis Gil,27,,0.6,3,1,.750,3.31,7,7,0,0,0,0,35.1,31,14,13,2,23,0,30,0,1,1,154,123,4.13,1.528,7.9,0.5,5.9,7.6,1.30,
Carlos Carrasco,38,,-0.3,2,2,.500,5.91,8,6,2,0,0,0,32.0,39,21,21,7,10,0,25,0,0,0,142,69,5.36,1.531,11.0,2.0,2.8,7.0,2.50,
Jonathan Loáisiga,30,,0.2,0,1,.000,4.25,30,0,3,0,0,1,29.2,34,15,14,7,10,3,25,3,0,1,135,96,5.84,1.483,10.3,2.1,3.0,7.6,2.50,
Brent Headrick*,27,,0.3,0,0,,3.13,17,0,4,0,0,0,23.0,17,8,8,4,7,1,30,1,0,2,92,131,3.84,1.043,6.7,1.6,2.7,11.7,4.29,
David Bednar,30,,0.5,3,0,1.000,2.70,14,0,10,0,0,5,16.2,12,5,5,1,6,0,25,0,0,1,68,153,2.00,1.080,6.5,0.5,3.2,13.5,4.17,
JT Brubaker,31,,0.2,0,0,,3.38,12,0,10,0,0,0,16.0,10,6,6,0,9,0,10,1,0,0,63,122,3.77,1.188,5.6,0.0,5.1,5.6,1.11,
Camilo Doval,27,,-0.5,0,1,.000,4.97,15,0,6,0,0,1,12.2,15,11,7,1,9,0,13,1,2,1,64,83,4.49,1.895,10.7,0.7,6.4,9.2,1.44,
Scott Effross,31,,-0.2,0,0,,8.44,11,0,5,0,0,0,10.2,16,10,10,1,3,1,6,0,0,1,51,49,4.08,1.781,13.5,0.8,2.5,5.1,2.00,
Yoendrys Gómez,25,,0.2,1,1,.500,2.70,6,0,3,0,0,0,10.0,5,4,3,1,9,0,5,0,0,0,44,155,6.14,1.400,4.5,0.9,8.1,4.5,0.56,
Paul Blackburn,31,,-0.2,0,0,,7.71,4,0,4,0,0,0,9.1,13,9,8,2,3,0,9,0,1,0,43,54,4.97,1.714,12.5,1.9,2.9,8.7,3.00,
Allan Winans,29,,-0.4,0,1,.000,8.68,3,1,2,0,0,0,9.1,13,11,9,2,3,0,6,2,0,0,46,48,6.25,1.714,12.5,1.9,2.9,5.8,2.00,
Tyler Matzek*,34,,0.0,0,0,,4.26,7,0,4,0,0,0,6.1,11,3,3,0,5,0,7,0,0,0,35,100,3.30,2.526,15.6,0.0,7.1,9.9,1.40,
Clayton Beeter,26,,-0.3,0,1,.000,14.73,2,0,0,0,0,0,3.2,5,6,6,2,4,0,1,0,0,0,20,30,12.96,2.455,12.3,4.9,9.8,2.5,0.25,
Rico Garcia,31,,-0.1,0,0,,10.13,1,0,0,0,0,0,2.2,3,3,3,1,2,0,2,0,0,0,13,45,8.77,1.875,10.1,3.4,6.8,6.8,1.00,
Jake Bird,29,,-0.5,0,1,.000,27.00,3,0,1,0,0,0,2.0,4,7,6,2,2,1,4,0,0,0,12,18,15.14,3.000,18.0,9.0,9.0,18.0,2.00,
Adam Ottavino,39,,0.1,0,0,,0.00,3,0,0,0,0,0,1.2,0,0,0,0,4,0,3,0,0,0,9,,6.74,2.400,0.0,0.0,21.6,16.2,0.75,
Geoff Hartlieb,31,,-0.2,0,0,,40.50,2,0,0,0,0,0,1.1,5,6,6,1,4,0,4,0,0,0,13,13,15.89,6.750,33.8,6.8,27.0,27.0,1.00,
Pablo Reyes,31,,-0.1,0,0,,27.00,1,0,1,0,0,0,1.0,5,3,3,1,0,0,0,0,0,0,8,21,16.14,5.000,45.0,9.0,0.0,0.0,,
Jayvien Sandridge*,26,,-0.1,0,0,,27.00,1,0,0,0,0,0,0.2,1,2,2,1,2,0,2,1,0,0,6,23,30.14,4.500,13.5,13.5,27.0,27.0,1.00,
Cristopher Sánchez*,28,SP,6.7,12,5,.706,2.60,28,28,0,1,0,0,176.1,155,53,51,10,42,0,186,6,1,6,716,170,2.59,1.117,7.9,0.5,2.1,9.5,4.43,
Jesús Luzardo*,27,SP,3.3,13,6,.684,4.01,29,29,0,0,0,0,161.2,153,76,72,14,56,0,190,3,1,2,679,111,3.01,1.293,8.5,0.8,3.1,10.6,3.39,
Zack Wheeler,35,SP,5.0,10,5,.667,2.71,24,24,0,1,0,0,149.2,107,48,45,19,33,0,195,8,0,2,585,164,3.01,0.935,6.4,1.1,2.0,11.7,5.91,AS
Ranger Suárez*,29,SP,5.1,12,6,.667,2.77,23,23,0,0,0,0,143.0,130,45,44,10,35,0,140,6,0,0,583,160,2.96,1.154,8.2,0.6,2.2,8.8,4.00,
Taijuan Walker,32,SP,1.4,4,8,.333,4.03,30,19,4,0,0,1,111.2,118,56,50,18,36,0,76,4,0,1,483,110,4.95,1.379,9.5,1.5,2.9,6.1,2.11,
Aaron Nola,32,SP,-0.2,4,8,.333,6.24,14,14,0,0,0,0,75.0,84,54,52,15,25,0,79,4,0,1,328,71,4.80,1.453,10.1,1.8,3.0,9.5,3.16,
Jhoan Duran,27,CL,0.8,0,2,.000,1.32,16,0,14,0,0,12,13.2,12,3,2,0,0,0,17,0,0,0,53,345,0.66,0.878,7.9,0.0,0.0,11.2,,
Tanner Banks*,33,RP,1.3,5,2,.714,3.32,62,1,10,0,0,1,62.1,52,24,23,9,10,1,56,1,0,2,246,134,3.75,0.995,7.5,1.3,1.4,8.1,5.60,
Matt Strahm*,33,RP,1.8,2,3,.400,2.78,62,0,18,0,0,6,58.1,45,21,18,5,19,1,67,2,0,3,240,160,3.04,1.097,6.9,0.8,2.9,10.3,3.53,
Orion Kerkering,24,RP,0.9,7,4,.636,3.08,61,0,10,0,0,4,52.2,47,23,18,4,24,3,54,4,0,5,234,145,3.68,1.348,8.0,0.7,4.1,9.2,2.25,
Jordan Romano,32,RP,-1.7,2,4,.333,8.23,49,0,14,0,0,8,42.2,45,40,39,10,17,1,47,3,1,0,187,54,5.39,1.453,9.5,2.1,3.6,9.9,2.76,
Joe Ross,32,,0.1,2,1,.667,5.12,37,1,9,0,0,0,51.0,57,30,29,8,18,1,39,3,0,0,228,87,4.89,1.471,10.1,1.4,3.2,6.9,2.17,
Max Lazar,26,,0.3,1,1,.500,4.76,30,0,15,0,0,1,34.0,34,19,18,5,10,0,22,0,0,0,140,94,4.64,1.294,9.0,1.3,2.6,5.8,2.20,
Carlos Hernández,28,,0.0,1,0,1.000,5.26,25,0,12,0,0,0,25.2,32,16,15,4,13,1,23,2,0,1,123,85,5.13,1.753,11.2,1.4,4.6,8.1,1.77,
José Alvarado*,30,,0.5,4,2,.667,3.60,27,0,10,0,0,7,25.0,26,11,10,3,7,0,31,1,0,3,110,125,3.18,1.320,9.4,1.1,2.5,11.2,4.43,
Mick Abel,23,,0.3,2,2,.500,5.04,6,6,0,0,0,0,25.0,25,14,14,7,9,0,21,1,0,2,108,89,6.30,1.360,9.0,2.5,3.2,7.6,2.33,
José Ruiz,30,,-0.6,1,0,1.000,8.16,16,0,2,0,0,0,14.1,21,14,13,3,6,0,12,0,0,0,68,56,5.45,1.884,13.2,1.9,3.8,7.5,2.00,
Daniel Robert,30,,0.0,0,0,,4.15,15,0,5,0,0,0,13.0,11,7,6,2,10,0,15,0,0,0,59,109,5.14,1.615,7.6,1.4,6.9,10.4,1.50,
David Robertson,40,,0.4,2,0,1.000,2.84,14,0,2,0,0,0,12.2,10,4,4,2,5,0,18,0,0,0,52,160,3.54,1.184,7.1,1.4,3.6,12.8,3.60,
Seth Johnson,26,,0.0,1,1,.500,4.26,10,0,4,0,0,0,12.2,11,8,6,3,4,0,17,0,0,1,54,107,4.49,1.184,7.8,2.1,2.8,12.1,4.25,
Alan Rangel,27,,0.2,0,0,,2.45,5,0,3,0,0,1,11.0,10,3,3,1,6,0,8,0,1,0,46,186,4.51,1.455,8.2,0.8,4.9,6.5,1.33,
Lou Trivino,33,,0.1,0,0,,0.00,4,0,4,0,0,0,3.1,0,0,0,0,1,0,3,0,0,0,10,,2.24,0.300,0.0,0.0,2.7,8.1,3.00,
Michael Mercado,26,,-0.2,0,0,,15.00,3,0,2,0,0,0,3.0,7,5,5,1,4,0,4,0,0,0,20,33,8.81,3.667,21.0,3.0,12.0,12.0,1.00,
Weston Wilson,30,,0.1,0,0,,0.00,2,0,2,0,0,0,3.0,3,0,0,0,0,0,0,0,0,0,12,,3.14,1.000,9.0,0.0,0.0,0.0,,
Tim Mayza*,33,,0.1,0,0,,0.00,3,0,1,0,0,0,2.2,1,0,0,0,2,0,2,0,0,1,11,,3.89,1.125,3.4,0.0,6.8,6.8,1.00,
Brett de Geus,27,,0.0,0,0,,4.50,1,0,1,0,0,0,2.0,1,1,1,0,3,0,0,0,0,0,10,115,7.64,2.000,4.5,0.0,13.5,0.0,0.00,
Nolan Hoffman,27,,-0.1,0,0,,27.00,1,0,1,0,0,0,1.0,3,3,3,0,1,0,2,0,0,1,7,22,2.14,4.000,27.0,0.0,9.0,18.0,2.00,
Paul Skenes,23,SP,7.0,10,9,.526,1.98,29,29,0,1,0,0,173.0,123,42,38,10,39,0,195,6,0,2,675,218,2.42,0.936,6.4,0.5,2.0,10.1,5.00,AS
Mitch Keller,29,SP,1.3,6,14,.300,4.16,29,29,0,0,0,0,162.1,160,84,75,17,44,0,136,10,0,3,690,104,3.83,1.257,8.9,0.9,2.4,7.5,3.09,
Andrew Heaney*,34,SP,-0.1,5,10,.333,5.39,26,23,0,0,0,0,120.1,125,74,72,24,39,0,84,9,0,2,525,80,5.54,1.363,9.3,1.8,2.9,6.3,2.15,
Bailey Falter*,28,SP,1.4,7,5,.583,3.73,22,22,0,0,0,0,113.1,95,53,47,17,39,0,70,1,0,4,457,116,4.92,1.182,7.5,1.4,3.1,5.6,1.79,
Mike Burrows,25,SP,1.3,2,4,.333,3.99,20,17,0,0,0,0,85.2,76,39,38,12,30,1,88,5,0,2,360,108,4.14,1.237,8.0,1.3,3.2,9.2,2.93,
David Bednar,30,CL,1.3,2,5,.286,2.37,42,0,34,0,0,17,38.0,32,12,10,2,10,2,51,1,0,3,154,183,2.01,1.105,7.6,0.5,2.4,12.1,5.10,
Dennis Santana,29,RP,2.3,4,5,.444,2.32,62,0,28,0,0,13,62.0,41,17,16,4,15,0,51,2,0,0,240,186,3.16,0.903,6.0,0.6,2.2,7.4,3.40,
Caleb Ferguson*,28,RP,0.7,2,2,.500,3.74,45,0,2,0,0,0,43.1,33,18,18,1,14,2,34,5,0,0,176,116,3.19,1.085,6.9,0.2,2.9,7.1,2.43,
Isaac Mattson,29,RP,1.6,3,2,.600,2.20,38,0,10,0,0,0,41.0,27,10,10,3,17,2,44,2,0,0,169,198,3.34,1.073,5.9,0.7,3.7,9.7,2.59,
Ryan Borucki*,31,RP,-0.2,1,3,.250,5.28,35,0,8,0,0,0,30.2,26,20,18,4,12,1,27,1,1,2,126,82,4.35,1.239,7.6,1.2,3.5,7.9,2.25,
Carmen Mlodzinski,26,,0.8,3,8,.273,4.03,29,12,5,0,0,0,87.0,94,42,39,8,25,0,76,4,0,5,376,107,3.59,1.368,9.7,0.8,2.6,7.9,3.04,
Braxton Ashcraft,25,,1.8,4,2,.667,2.47,23,6,6,0,0,0,58.1,49,17,16,2,21,1,56,2,0,0,243,175,2.85,1.200,7.6,0.3,3.2,8.6,2.67,
Chase Shugart,28,,0.7,4,3,.571,3.50,34,0,11,0,0,0,43.2,33,18,17,6,17,2,29,1,0,3,177,124,4.84,1.145,6.8,1.2,3.5,6.0,1.71,
Kyle Nicolas,26,,0.1,1,0,1.000,4.65,24,0,4,0,0,0,31.0,25,16,16,2,15,0,24,1,0,0,133,94,3.98,1.290,7.3,0.6,4.4,7.0,1.60,
Yohan Ramírez,30,,-0.4,1,2,.333,5.90,19,0,3,0,0,0,29.0,29,20,19,4,12,1,40,4,0,4,133,74,3.83,1.414,9.0,1.2,3.7,12.4,3.33,
Joey Wentz*,27,,0.3,2,1,.667,4.15,19,0,7,0,0,0,26.0,25,14,12,2,11,2,22,1,0,0,115,105,3.84,1.385,8.7,0.7,3.8,7.6,2.00,
Colin Holderman,29,,-0.7,0,1,.000,6.93,23,0,6,0,0,1,24.2,33,20,19,4,14,0,17,2,0,3,119,63,5.82,1.905,12.0,1.5,5.1,6.2,1.21,
Johan Oviedo,27,,0.6,2,0,1.000,2.70,5,5,0,0,0,0,20.0,11,7,6,2,11,0,24,2,0,0,83,162,3.99,1.100,5.0,0.9,5.0,10.8,2.18,
Bubba Chandler,22,,-0.3,2,1,.667,7.36,4,1,1,0,0,1,14.2,18,12,12,2,4,0,12,2,0,1,66,60,4.51,1.500,11.0,1.2,2.5,7.4,3.00,
Justin Lawrence,30,,0.6,1,0,1.000,0.79,11,0,3,0,0,0,11.1,5,1,1,0,6,1,15,2,0,1,44,559,2.61,0.971,4.0,0.0,4.8,11.9,2.50,
Génesis Cabrera*,28,,0.0,0,0,,4.91,9,0,1,0,0,0,11.0,12,6,6,2,1,0,7,1,0,0,46,90,4.78,1.182,9.8,1.6,0.8,5.7,7.00,
Dauri Moreta,29,,0.1,1,1,.500,4.22,12,0,3,0,0,0,10.2,12,6,5,2,4,1,14,0,0,0,45,105,4.08,1.500,10.1,1.7,3.4,11.8,3.50,
Tim Mayza*,33,,0.2,0,0,,2.89,7,0,4,0,0,0,9.1,9,3,3,1,1,0,8,1,0,0,40,154,3.47,1.071,8.7,1.0,1.0,7.7,8.00,
Tom Harrington,23,,-0.6,0,1,.000,15.58,3,1,1,0,0,1,8.2,18,15,15,3,7,0,7,0,0,2,50,29,8.45,2.885,18.7,3.1,7.3,7.3,1.00,
Tanner Rainey,32,,-0.5,0,1,.000,10.57,11,0,0,0,0,0,7.2,7,9,9,0,6,0,9,1,0,0,37,43,3.54,1.696,8.2,0.0,7.0,10.6,1.50,
Evan Sisk*,28,,-0.1,1,1,.500,6.14,8,0,3,0,0,0,7.1,7,5,5,1,3,0,6,2,0,1,33,73,5.33,1.364,8.6,1.2,3.7,7.4,2.00,
Cam Sanders,28,,-0.2,0,0,,9.00,5,0,2,0,0,0,5.0,7,5,5,1,4,0,4,0,0,0,26,51,6.54,2.200,12.6,1.8,7.2,7.2,1.00,
Hunter Stratton,28,,-0.3,0,0,,23.63,3,0,1,0,0,0,2.2,10,7,7,1,2,0,1,1,0,0,21,21,10.64,4.500,33.8,3.4,6.8,3.4,0.50,
Michael Darrell-Hicks,27,,0.1,0,0,,0.00,1,0,0,0,0,0,2.0,0,0,0,0,0,0,2,0,0,1,5,,1.14,0.000,0.0,0.0,0.0,9.0,,
Jared Triolo,27,,-0.1,0,0,,0.00,1,0,1,0,0,0,1.0,3,2,0,1,1,0,0,0,0,0,8,,19.14,4.000,27.0,9.0,9.0,0.0,0.00,
Nick Pivetta,32,SP,5.1,13,5,.722,2.85,28,28,0,0,0,0,164.1,114,57,52,19,44,1,172,3,0,1,649,151,3.41,0.961,6.2,1.0,2.4,9.4,3.91,
Dylan Cease,29,SP,0.9,7,11,.389,4.71,29,29,0,0,0,0,151.0,137,85,79,20,65,2,195,3,0,3,650,92,3.63,1.338,8.2,1.2,3.9,11.6,3.00,
Randy Vásquez,26,SP,2.1,4,6,.400,3.91,24,23,0,0,0,0,117.1,113,53,51,15,49,1,62,7,1,3,506,110,5.18,1.381,8.7,1.2,3.8,4.8,1.27,
Stephen Kolek,28,SP,1.0,4,5,.444,4.18,14,14,0,1,1,0,79.2,78,40,37,8,26,1,56,7,0,0,336,103,4.29,1.305,8.8,0.9,2.9,6.3,2.15,
Michael King,30,SP,1.4,4,2,.667,2.87,12,12,0,1,1,0,62.2,47,23,20,8,20,0,67,2,0,2,255,151,3.72,1.069,6.8,1.1,2.9,9.6,3.35,
Yu Darvish,38,SP,0.0,3,5,.375,5.65,12,12,0,0,0,0,57.1,50,37,36,11,17,0,55,5,0,4,237,77,4.87,1.169,7.8,1.7,2.7,8.6,3.24,
Robert Suarez,34,CL,2.1,4,6,.400,3.16,63,0,50,0,0,36,62.2,45,23,22,5,15,2,66,2,0,1,244,137,2.89,0.957,6.5,0.7,2.2,9.5,4.40,AS
Jeremiah Estrada,26,RP,1.2,4,5,.444,3.43,69,0,6,0,0,3,65.2,53,28,25,9,24,2,97,3,0,2,274,126,3.20,1.173,7.3,1.2,3.3,13.3,4.04,
Adrián Morejón*,26,RP,2.6,11,4,.733,1.78,67,0,9,0,0,3,65.2,40,18,13,2,13,2,64,0,0,2,250,243,2.18,0.807,5.5,0.3,1.8,8.8,4.92,AS
Jason Adam,33,RP,2.5,8,4,.667,1.93,65,0,4,0,0,0,65.1,50,18,14,4,25,3,70,3,0,3,270,224,3.08,1.148,6.9,0.6,3.4,9.6,2.80,AS
Wandy Peralta*,33,RP,0.9,6,1,.857,3.36,65,1,15,0,0,0,64.1,61,28,24,4,28,3,56,2,1,1,285,129,3.61,1.383,8.5,0.6,3.9,7.8,2.00,
Yuki Matsui*,29,,0.4,2,1,.667,4.37,55,0,16,0,0,1,55.2,49,28,27,9,28,2,56,1,0,5,242,99,4.80,1.383,7.9,1.5,4.5,9.1,2.00,
David Morgan,25,,1.1,1,2,.333,2.80,38,2,15,0,0,0,45.0,34,14,14,4,19,1,47,2,0,2,182,155,3.61,1.178,6.8,0.8,3.8,9.4,2.47,
Ryan Bergert,25,,1.3,1,0,1.000,2.78,11,7,2,0,0,0,35.2,24,11,11,4,18,0,34,1,0,1,149,156,4.29,1.178,6.1,1.0,4.5,8.6,1.89,
Kyle Hart*,32,,-0.2,3,3,.500,5.55,12,6,2,0,0,0,35.2,33,22,22,9,8,0,24,2,1,0,147,78,5.92,1.150,8.3,2.3,2.0,6.1,3.00,
Alek Jacob,27,,-0.2,1,0,1.000,5.13,29,0,9,0,0,0,33.1,36,20,19,6,14,0,23,6,0,0,153,85,5.90,1.500,9.7,1.6,3.8,6.2,1.64,
Sean Reynolds,27,,0.0,0,1,.000,5.33,19,1,4,0,0,0,27.0,20,16,16,4,17,0,25,3,0,1,117,82,5.44,1.370,6.7,1.3,5.7,8.3,1.47,
Nestor Cortes*,30,,0.2,1,3,.250,5.47,6,6,0,0,0,0,26.1,29,16,16,8,13,0,21,2,0,0,119,80,7.21,1.595,9.9,2.7,4.4,7.2,1.62,
Mason Miller,26,,0.8,0,0,,1.17,15,0,4,0,0,1,15.1,7,2,2,1,6,0,29,0,0,0,55,375,1.38,0.848,4.1,0.6,3.5,17.0,4.83,
JP Sears*,29,,0.0,1,1,.500,5.52,3,3,0,0,0,0,14.2,19,10,9,4,3,0,8,1,0,0,66,80,6.42,1.500,11.7,2.5,1.8,4.9,2.67,
Bryan Hoeing,28,,0.1,1,0,1.000,3.38,7,0,0,0,0,0,8.0,9,3,3,0,3,0,5,0,0,1,36,133,3.02,1.500,10.1,0.0,3.4,5.6,1.67,
Logan Gillaspie,28,,0.3,0,0,,2.57,3,0,0,0,0,0,7.0,7,2,2,1,4,0,4,1,2,0,31,176,6.00,1.571,9.0,1.3,5.1,5.1,1.00,
Ron Marinaccio,29,,0.2,0,0,,0.00,4,0,3,0,0,0,5.2,2,0,0,0,2,0,7,0,0,0,21,,1.73,0.706,3.2,0.0,3.2,11.1,3.50,
Eduarniel Núñez,26,,0.1,0,0,,3.86,4,0,2,0,0,0,4.2,4,2,2,1,4,0,2,1,0,1,21,120,8.29,1.714,7.7,1.9,7.7,3.9,0.50,
Matt Waldron,28,,-0.1,0,1,.000,7.71,1,1,0,0,0,0,4.2,6,4,4,1,6,0,3,0,0,3,25,60,8.50,2.571,11.6,1.9,11.6,5.8,0.50,
Omar Cruz*,26,,0.0,0,0,,4.91,2,0,1,0,0,0,3.2,4,2,2,0,3,0,5,0,0,0,18,96,2.87,1.909,9.8,0.0,7.4,12.3,1.67,
Bradgley Rodríguez,21,,0.1,0,0,,0.00,1,0,0,0,0,0,1.2,0,0,0,0,1,0,1,1,0,0,6,,5.54,0.600,0.0,0.0,5.4,5.4,1.00,
Tyler Wade,30,,0.0,0,0,,9.00,1,0,1,0,0,0,1.0,2,1,1,0,1,0,0,0,0,0,6,65,6.14,3.000,18.0,0.0,9.0,0.0,0.00,
Logan Webb,28,SP,3.6,14,9,.609,3.12,30,30,0,0,0,0,184.2,185,71,64,13,41,0,201,6,0,2,764,127,2.65,1.224,9.0,0.6,2.0,9.8,4.90,AS
Robbie Ray*,33,SP,3.1,11,6,.647,3.32,30,30,0,1,0,0,173.2,137,71,64,19,67,0,176,4,1,6,713,120,3.77,1.175,7.1,1.0,3.5,9.1,2.63,AS
Justin Verlander,42,SP,0.6,3,10,.231,4.09,25,25,0,0,0,0,127.2,134,65,58,12,43,0,120,6,0,2,560,97,3.64,1.386,9.4,0.8,3.0,8.5,2.79,
Landen Roupp,26,SP,0.7,7,7,.500,3.80,22,22,0,0,0,0,106.2,113,55,45,11,45,1,102,3,1,7,476,105,3.92,1.481,9.5,0.9,3.8,8.6,2.27,
Ryan Walker,29,CL,0.2,5,5,.500,3.86,61,0,32,0,0,15,56.0,51,28,24,3,15,1,55,6,2,1,235,103,3.00,1.179,8.2,0.5,2.4,8.8,3.67,
Spencer Bivens,31,RP,0.0,3,3,.500,4.11,46,0,14,0,0,1,70.0,75,38,32,5,21,1,51,3,0,3,301,97,3.64,1.371,9.6,0.6,2.7,6.6,2.43,
Randy Rodríguez,25,RP,1.8,3,5,.375,1.78,50,0,15,0,0,4,50.2,34,12,10,4,11,0,67,4,0,2,198,225,2.41,0.888,6.0,0.7,2.0,11.9,6.09,AS
Tyler Rogers,34,RP,1.7,4,3,.571,1.80,53,0,9,0,0,0,50.0,39,11,10,3,4,0,38,0,0,0,188,222,2.64,0.860,7.0,0.5,0.7,6.8,9.50,
Camilo Doval,27,RP,0.6,4,2,.667,3.09,47,0,29,0,0,15,46.2,32,20,16,2,24,1,50,2,2,3,191,129,3.23,1.200,6.2,0.4,4.6,9.6,2.08,
Hayden Birdsong,23,,-0.6,4,4,.500,4.80,21,10,2,0,0,0,65.2,61,42,35,10,37,0,68,5,0,6,298,83,4.97,1.492,8.4,1.4,5.1,9.3,1.84,
Jordan Hicks,28,,-0.7,1,5,.167,6.47,13,9,2,0,0,0,48.2,55,36,35,3,20,0,43,4,0,4,217,62,3.66,1.541,10.2,0.6,3.7,8.0,2.15,
Tristan Beck,29,,-0.1,1,0,1.000,5.09,25,0,8,0,0,1,46.0,39,26,26,6,13,0,35,2,0,2,190,79,4.30,1.130,7.6,1.2,2.5,6.8,2.69,
Joey Lucchesi*,32,,0.6,0,1,.000,3.03,32,0,3,0,0,0,32.2,28,11,11,2,9,1,26,1,1,2,136,132,3.27,1.133,7.7,0.6,2.5,7.2,2.89,
Erik Miller*,27,,1.5,4,1,.800,1.50,36,0,2,0,0,0,30.0,24,5,5,0,20,4,22,3,0,1,128,267,3.98,1.467,7.2,0.0,6.0,6.6,1.10,
Carson Seymour,26,,0.0,1,2,.333,4.25,12,2,5,0,0,0,29.2,28,16,14,8,12,0,20,1,0,0,127,94,6.62,1.348,8.5,2.4,3.6,6.1,1.67,
Kyle Harrison*,23,,0.2,1,1,.500,4.56,8,4,2,0,0,0,23.2,21,12,12,4,9,1,25,0,0,0,100,88,4.37,1.268,8.0,1.5,3.4,9.5,2.78,
Carson Whisenhunt*,24,,0.0,2,1,.667,5.01,5,5,0,0,0,0,23.1,22,14,13,6,12,0,16,2,0,2,102,80,6.92,1.457,8.5,2.3,4.6,6.2,1.33,
Kai-Wei Teng,26,,-0.7,2,4,.333,7.54,6,5,0,0,0,0,22.2,26,21,19,1,14,0,28,3,0,0,108,53,3.50,1.765,10.3,0.4,5.6,11.1,2.00,
Matt Gage*,32,,0.4,0,0,,2.66,21,2,2,0,0,0,20.1,22,6,6,0,7,0,21,1,0,2,87,152,2.26,1.426,9.7,0.0,3.1,9.3,3.00,
Sean Hjelle,28,,-0.4,1,1,.500,7.80,12,1,2,0,0,0,15.0,21,13,13,2,9,2,11,0,0,0,73,52,5.21,2.000,12.6,1.2,5.4,6.6,1.22,
José Buttó,27,,0.3,1,1,.500,3.07,15,0,1,0,0,0,14.2,10,5,5,1,5,0,14,1,0,0,56,132,3.35,1.023,6.1,0.6,3.1,8.6,2.80,
Lou Trivino,33,,-0.2,1,0,1.000,5.84,11,0,5,0,0,0,12.1,11,8,8,4,5,0,11,1,0,0,54,70,7.04,1.297,8.0,2.9,3.6,8.0,2.20,
Joel Peguero,28,,0.7,1,0,1.000,0.00,8,0,1,0,0,0,12.1,7,0,0,0,1,0,11,0,0,0,44,,1.60,0.649,5.1,0.0,0.7,8.0,11.00,
Keaton Winn,27,,0.1,0,0,,3.00,4,0,4,0,0,0,6.0,6,2,2,1,1,0,6,0,0,0,23,141,3.81,1.167,9.0,1.5,1.5,9.0,6.00,
Christian Koss,27,,0.1,0,0,,0.00,4,0,4,0,0,0,4.0,4,0,0,0,0,0,0,0,0,0,16,,3.14,1.000,9.0,0.0,0.0,0.0,,
Mason Black,25,,-0.1,0,0,,6.75,1,0,0,0,0,0,4.0,5,5,3,2,0,0,5,0,0,0,19,64,7.14,1.250,11.3,4.5,0.0,11.3,,
JT Brubaker,31,,-0.1,0,0,,11.57,1,0,0,0,0,0,2.1,3,3,3,0,1,0,2,0,0,0,11,40,2.72,1.714,11.6,0.0,3.9,7.7,2.00,
Scott Alexander*,35,,0.0,0,0,,6.75,2,0,0,0,0,0,1.1,3,1,1,1,2,0,2,0,0,0,9,76,14.39,3.750,20.3,6.8,13.5,13.5,1.00,
Logan Porter,29,,0.0,0,0,,9.00,1,0,1,0,0,0,1.0,2,1,1,1,0,0,0,0,0,0,5,61,16.14,2.000,18.0,9.0,0.0,0.0,,
Mike Yastrzemski*,34,,-0.1,0,0,,18.00,1,0,1,0,0,0,1.0,2,2,2,0,1,0,0,1,0,0,7,31,9.14,3.000,18.0,0.0,9.0,0.0,0.00,
Bryan Woo,25,SP,3.9,13,7,.650,3.02,28,28,0,0,0,0,175.2,133,62,59,25,34,0,178,4,0,3,692,124,3.62,0.951,6.8,1.3,1.7,9.1,5.24,AS
Luis Castillo,32,SP,1.4,9,8,.529,3.85,29,29,0,0,0,0,161.1,161,74,69,22,44,0,144,7,0,2,678,97,4.08,1.271,9.0,1.2,2.5,8.0,3.27,
Logan Gilbert,28,SP,1.5,4,6,.400,3.61,21,21,0,0,0,0,109.2,85,47,44,16,27,0,151,4,0,8,445,104,3.13,1.021,7.0,1.3,2.2,12.4,5.59,
George Kirby,27,SP,0.3,8,7,.533,4.56,20,20,0,0,0,0,108.2,110,56,55,12,28,0,106,6,0,3,460,82,3.57,1.270,9.1,1.0,2.3,8.8,3.79,
Emerson Hancock,26,SP,-0.6,3,5,.375,5.42,18,15,0,0,0,0,81.1,90,51,49,15,31,0,55,5,1,2,356,69,5.52,1.488,10.0,1.7,3.4,6.1,1.77,
Logan Evans,24,SP,-0.1,6,5,.545,4.37,15,15,0,0,0,0,78.1,80,44,38,13,30,1,58,4,0,4,338,86,5.12,1.404,9.2,1.5,3.4,6.7,1.93,
Andrés Muñoz,26,CL,2.2,3,2,.600,1.63,57,0,41,0,0,34,55.1,33,16,10,2,25,3,71,2,0,7,226,232,2.51,1.048,5.4,0.3,4.1,11.5,2.84,AS
Eduard Bazardo,29,RP,1.7,5,0,1.000,2.50,66,0,18,0,0,0,72.0,46,21,20,9,26,2,72,2,0,2,284,150,3.94,1.000,5.8,1.1,3.3,9.0,2.77,
Carlos Vargas,25,RP,0.3,4,5,.444,3.61,61,0,9,0,0,1,67.1,70,32,27,7,23,4,45,5,1,4,288,104,4.41,1.381,9.4,0.9,3.1,6.0,1.96,
Gabe Speier*,30,RP,1.1,3,3,.500,2.82,67,0,4,0,0,0,54.1,39,18,17,4,11,1,71,4,0,1,216,134,2.32,0.920,6.5,0.7,1.8,11.8,6.45,
Matt Brash,27,RP,1.5,1,2,.333,1.73,47,0,6,0,0,3,41.2,31,10,8,2,16,2,52,2,0,0,172,219,2.57,1.128,6.7,0.4,3.5,11.2,3.25,
Bryce Miller,26,,-0.4,4,5,.444,5.53,14,14,0,0,0,0,70.0,69,43,43,12,29,0,53,3,0,2,304,68,5.23,1.400,8.9,1.5,3.7,6.8,1.83,
Casey Legumina,28,,-1.0,4,6,.400,5.79,45,1,14,0,0,0,46.2,45,35,30,7,23,2,51,2,0,1,206,65,4.52,1.457,8.7,1.4,4.4,9.8,2.22,
Trent Thornton,31,,-0.1,2,0,1.000,4.68,33,0,7,0,0,0,42.1,41,23,22,6,14,2,32,4,0,1,180,81,4.75,1.299,8.7,1.3,3.0,6.8,2.29,
Collin Snider,29,,-0.7,2,1,.667,5.47,24,0,4,0,0,0,26.1,32,20,16,3,6,1,24,2,0,1,119,69,3.71,1.443,10.9,1.0,2.1,8.2,4.00,
Jackson Kowar,28,,0.1,2,0,1.000,4.24,15,0,9,0,0,0,17.0,14,8,8,4,7,0,15,1,0,2,71,90,5.85,1.235,7.4,2.1,3.7,7.9,2.14,
Casey Lawrence,37,,-0.4,1,2,.333,3.00,5,0,3,0,0,0,15.0,20,12,5,2,1,0,6,0,0,1,65,128,4.28,1.400,12.0,1.2,0.6,3.6,6.00,
Caleb Ferguson*,28,,-0.1,2,2,.500,4.50,17,0,2,0,0,0,14.0,16,8,7,1,5,1,11,1,0,0,63,86,3.79,1.500,10.3,0.6,3.2,7.1,2.20,
Tayler Saucedo*,32,,-0.3,0,0,,7.43,10,0,5,0,0,0,13.1,19,12,11,2,6,0,12,1,0,0,66,52,4.87,1.875,12.8,1.4,4.1,8.1,2.00,
Luis Castillo,30,,-0.3,0,0,,7.71,2,2,0,0,0,0,7.0,12,7,6,0,7,0,5,0,0,0,41,51,4.72,2.714,15.4,0.0,9.0,6.4,0.71,
Gregory Santos,25,,-0.3,1,1,.500,5.14,8,0,2,0,0,0,7.0,8,6,4,0,8,2,0,0,0,2,36,77,6.57,2.286,10.3,0.0,10.3,0.0,0.00,
Juan Burgos,25,,0.0,0,0,,4.05,4,0,4,0,0,0,6.2,7,3,3,0,2,0,8,1,0,0,30,98,2.09,1.350,9.5,0.0,2.7,10.8,4.00,
Troy Taylor,23,,-0.3,0,0,,12.15,8,0,4,0,0,0,6.2,14,9,9,2,3,0,2,1,0,0,37,33,8.24,2.550,18.9,2.7,4.1,2.7,0.67,
Zach Pop,28,,-0.4,0,0,,13.50,4,0,1,0,0,0,5.1,10,9,8,3,2,0,3,1,0,0,30,30,11.02,2.250,16.9,5.1,3.4,5.1,1.50,
Jesse Hahn,35,,-0.1,0,1,.000,5.40,3,0,2,0,0,0,5.0,6,4,3,1,5,3,3,1,1,0,25,75,8.14,2.200,10.8,1.8,9.0,5.4,0.60,
Sauryn Lao,25,,-0.1,0,0,,8.10,2,0,2,0,0,0,3.1,6,4,3,1,1,0,4,0,0,0,17,52,5.54,2.100,16.2,2.7,2.7,10.8,4.00,
Luke Jackson,33,,0.0,0,0,,0.00,3,0,3,0,0,0,3.0,0,1,0,0,1,0,4,0,0,0,11,,1.48,0.333,0.0,0.0,3.0,12.0,4.00,
Blas Castano,26,,-0.1,0,0,,9.00,1,0,1,0,0,0,3.0,4,3,3,1,2,0,1,1,0,0,16,47,9.81,2.000,12.0,3.0,6.0,3.0,0.50,
Brandyn Garcia*,25,,-0.1,0,0,,4.50,2,0,1,0,0,0,2.0,4,2,1,0,3,0,1,0,0,1,11,100,6.64,3.500,18.0,0.0,13.5,4.5,0.33,
Jhonathan Díaz*,28,,0.0,0,0,,0.00,1,0,1,0,0,0,1.1,1,0,0,0,0,0,1,0,0,0,5,,1.64,0.750,6.8,0.0,0.0,6.8,,
Leo Rivas,27,,0.0,0,0,,0.00,1,0,1,0,0,0,1.0,3,0,0,0,1,0,0,0,0,0,6,,6.14,4.000,27.0,0.0,9.0,0.0,0.00,
Miles Mastrobuoni,29,,0.0,0,0,,0.00,1,0,1,0,0,0,1.0,1,0,0,0,2,0,0,0,0,0,6,,9.14,3.000,9.0,0.0,18.0,0.0,0.00,
José Castillo*,29,,0.0,0,0,,0.00,1,0,0,0,0,0,1.0,0,0,0,0,1,0,0,0,0,0,4,,6.14,1.000,0.0,0.0,9.0,0.0,0.00,
Sonny Gray,35,SP,1.0,13,8,.619,4.45,29,29,0,1,1,0,163.2,165,87,81,23,35,0,179,3,0,2,679,94,3.48,1.222,9.1,1.3,1.9,9.8,5.11,
Andre Pallante,26,SP,-0.7,6,13,.316,5.28,28,28,0,0,0,0,150.0,161,95,88,20,53,0,104,5,2,10,655,79,4.65,1.427,9.7,1.2,3.2,6.2,1.96,
Miles Mikolas,36,SP,0.1,7,10,.412,4.84,28,28,0,0,0,0,141.1,153,79,76,24,34,1,88,3,0,1,605,86,4.89,1.323,9.7,1.5,2.2,5.6,2.59,
Matthew Liberatore*,25,SP,0.7,7,12,.368,4.35,27,27,0,0,0,0,140.2,149,75,68,18,38,0,110,4,0,6,605,96,4.14,1.329,9.5,1.2,2.4,7.0,2.89,
Erick Fedde,32,SP,-0.1,3,10,.231,5.22,20,20,0,1,1,0,101.2,106,62,59,14,47,1,63,2,0,2,446,80,5.14,1.505,9.4,1.2,4.2,5.6,1.34,
Michael McGreevy,24,SP,0.3,6,3,.667,4.68,13,12,1,0,0,0,73.0,80,41,38,8,12,0,43,3,1,0,307,90,4.01,1.260,9.9,1.0,1.5,5.3,3.58,
Ryan Helsley,30,CL,1.0,3,1,.750,3.00,36,0,29,0,0,21,36.0,36,12,12,4,14,2,41,1,0,4,157,141,3.56,1.389,9.0,1.0,3.5,10.3,2.93,
Kyle Leahy,28,RP,1.4,4,1,.800,2.86,56,0,11,0,0,1,78.2,69,26,25,5,26,1,72,1,0,5,323,147,3.17,1.208,7.9,0.6,3.0,8.2,2.77,
JoJo Romero*,28,RP,1.4,4,5,.444,2.03,58,0,14,0,0,7,53.1,43,18,12,2,25,5,49,2,0,2,224,207,3.31,1.275,7.3,0.3,4.2,8.3,1.96,
John King*,30,RP,-0.5,2,0,1.000,5.18,43,0,15,0,0,0,41.2,55,29,24,7,13,0,24,0,0,2,192,81,5.11,1.632,11.9,1.5,2.8,5.2,1.85,
Phil Maton,32,RP,1.1,1,3,.250,2.35,40,0,9,0,0,2,38.1,28,12,10,1,15,1,48,5,0,1,158,179,2.54,1.122,6.6,0.2,3.5,11.3,3.20,
Steven Matz*,34,,0.4,5,2,.714,3.44,32,2,2,0,0,1,55.0,56,25,21,4,9,0,47,1,0,2,227,122,2.93,1.182,9.2,0.7,1.5,7.7,5.22,
Matt Svanson,26,,1.4,3,0,1.000,1.97,32,0,10,0,0,0,50.1,25,12,11,3,17,0,54,3,0,0,192,214,2.97,0.834,4.5,0.5,3.0,9.7,3.18,
"Riley O'Brien",30,,1.3,3,0,1.000,1.60,33,0,9,0,0,3,39.1,26,8,7,2,17,0,36,4,0,3,158,263,3.58,1.093,5.9,0.5,3.9,8.2,2.12,
Gordon Graceffo,25,,-0.6,3,1,.750,5.77,22,0,7,0,0,1,39.0,44,28,25,2,11,0,36,2,0,2,173,73,2.96,1.410,10.2,0.5,2.5,8.3,3.27,
Ryan Fernandez,27,,-1.0,0,2,.000,8.74,24,0,11,0,0,1,22.2,28,24,22,4,12,1,22,0,0,0,105,49,5.09,1.765,11.1,1.6,4.8,8.7,1.83,
Andre Granillo,25,,0.1,1,0,1.000,4.71,14,0,6,0,0,1,21.0,22,11,11,3,7,0,18,1,0,2,91,90,4.43,1.381,9.4,1.3,3.0,7.7,2.57,
Chris Roycroft,28,,-0.4,1,3,.250,6.32,16,0,8,0,0,0,15.2,18,13,11,0,10,1,13,0,0,2,74,68,3.40,1.787,10.3,0.0,5.7,7.5,1.30,
Roddery Muñoz,25,,-0.2,0,0,,8.18,9,0,6,0,0,0,11.0,9,10,10,4,9,0,14,0,0,1,51,53,7.78,1.636,7.4,3.3,7.4,11.5,1.56,
Jorge Alcala,29,,0.2,0,0,,2.16,10,0,4,0,0,0,8.1,7,2,2,2,4,0,8,0,1,0,35,202,5.78,1.320,7.6,2.2,4.3,8.6,2.00,
Anthony Veneziano*,27,,0.0,0,0,,4.50,2,0,0,0,0,0,4.0,3,2,2,0,1,0,5,1,0,0,17,101,2.14,1.000,6.8,0.0,2.3,11.3,5.00,
Nick Raquet*,29,,0.1,0,0,,0.00,2,0,0,0,0,0,2.0,0,0,0,0,1,0,1,0,0,0,7,,3.64,0.500,0.0,0.0,4.5,4.5,1.00,
Garrett Hampson,30,,0.0,0,0,,0.00,1,0,1,0,0,0,1.0,0,0,0,0,0,0,0,0,0,0,3,,3.14,0.000,0.0,0.0,0.0,0.0,,
Alec Burleson*,26,,0.0,0,0,,0.00,1,0,1,0,0,0,1.0,1,0,0,0,0,0,0,1,0,0,4,,6.14,1.000,9.0,0.0,0.0,0.0,,
Jacob deGrom,37,SP,3.0,11,7,.611,2.78,27,27,0,0,0,0,155.2,110,48,48,22,35,0,169,3,0,2,605,134,3.54,0.931,6.4,1.3,2.0,9.8,4.83,AS
Patrick Corbin*,35,SP,-0.3,7,9,.438,4.36,27,27,0,1,0,0,142.1,143,70,69,21,45,1,119,2,0,5,599,85,4.38,1.321,9.0,1.3,2.8,7.5,2.64,
Jack Leiter,25,SP,0.6,9,8,.529,3.81,26,26,0,0,0,0,132.1,110,57,56,14,64,0,130,4,1,9,566,97,4.10,1.315,7.5,1.0,4.4,8.8,2.03,
Nathan Eovaldi,35,SP,4.2,11,3,.786,1.73,22,22,0,1,1,0,130.0,90,28,25,10,21,1,129,7,0,6,496,214,2.81,0.854,6.2,0.7,1.5,8.9,6.14,
Tyler Mahle,30,SP,1.8,6,3,.667,2.34,14,14,0,0,0,0,77.0,60,20,20,4,27,0,56,0,1,0,308,159,3.42,1.130,7.0,0.5,3.2,6.5,2.07,
Kumar Rocker,25,SP,-1.1,4,5,.444,5.74,14,14,0,0,0,0,64.1,71,42,41,11,23,0,56,4,0,6,287,65,4.88,1.461,9.9,1.5,3.2,7.8,2.43,
Robert Garcia*,29,CL,0.2,3,7,.300,3.07,63,0,24,0,0,9,55.2,51,24,19,7,20,1,61,0,1,1,234,121,3.66,1.275,8.2,1.1,3.2,9.9,3.05,
Shawn Armstrong,34,RP,1.1,4,3,.571,2.51,62,2,21,0,0,8,64.2,35,20,18,5,18,0,64,6,0,3,250,149,3.28,0.820,4.9,0.7,2.5,8.9,3.56,
Hoby Milner*,34,RP,-0.3,3,4,.429,3.50,65,0,8,0,0,0,64.1,59,29,25,3,17,2,54,2,0,0,264,106,2.96,1.181,8.3,0.4,2.4,7.6,3.18,
Jacob Webb,31,RP,-0.1,5,4,.556,3.41,49,0,9,0,0,1,58.0,47,24,22,10,18,2,47,2,0,0,240,109,4.80,1.121,7.3,1.6,2.8,7.3,2.61,
Chris Martin,39,RP,0.1,2,6,.250,2.63,43,0,8,0,0,2,37.2,37,15,11,5,6,3,39,0,0,1,152,142,3.28,1.142,8.8,1.2,1.4,9.3,6.50,
Jacob Latz*,29,,1.1,2,0,1.000,2.91,29,6,5,0,0,1,74.1,60,25,24,6,32,2,66,0,0,2,302,128,3.71,1.238,7.3,0.7,3.9,8.0,2.06,
Caleb Boushley,31,,-1.0,0,0,,6.02,25,1,13,0,0,1,43.1,54,33,29,5,14,1,41,2,0,1,193,62,3.86,1.569,11.2,1.0,2.9,8.5,2.93,
Merrill Kelly,36,,0.5,2,1,.667,2.98,7,7,0,0,0,0,42.1,33,14,14,7,9,0,35,1,1,1,168,126,4.35,0.992,7.0,1.5,1.9,7.4,3.89,
Luke Jackson,33,,-0.6,2,5,.286,4.11,39,0,21,0,0,9,35.0,32,20,16,4,19,4,24,2,0,0,152,91,5.06,1.457,8.2,1.0,4.9,6.2,1.26,
Cole Winn,25,,0.9,0,1,.000,1.32,27,0,10,0,0,0,34.0,18,6,5,2,16,2,27,2,0,1,133,283,3.91,1.000,4.8,0.5,4.2,7.1,1.69,
Luis Curvelo,24,,-0.1,1,0,1.000,4.50,15,0,3,0,0,0,18.0,14,9,9,2,9,0,19,0,0,0,77,84,3.98,1.278,7.0,1.0,4.5,9.5,2.11,
Phil Maton,32,,-0.1,2,2,.500,4.50,15,0,7,0,0,1,16.0,10,8,8,2,7,1,24,2,0,0,65,84,3.46,1.063,5.6,1.1,3.9,13.5,3.43,
Jon Gray,33,,-0.6,1,1,.500,7.71,6,0,0,0,0,0,14.0,15,12,12,5,6,0,12,0,0,0,63,49,7.36,1.500,9.6,3.2,3.9,7.7,2.00,
Dane Dunning,30,,0.0,0,0,,3.38,5,0,4,0,0,2,10.2,9,4,4,2,5,1,10,1,0,1,46,114,5.39,1.313,7.6,1.7,4.2,8.4,2.00,
Danny Coulombe*,35,,-0.4,1,1,.500,7.56,11,0,3,0,0,0,8.1,9,7,7,3,5,0,10,0,0,0,38,51,7.22,1.680,9.7,3.2,5.4,10.8,2.00,
Gerson Garabito,29,,-0.6,0,0,,9.00,3,0,1,0,0,0,8.0,15,12,8,1,1,0,8,2,0,0,41,43,3.89,2.000,16.9,1.1,1.1,9.0,8.00,
Marc Church,24,,0.0,0,0,,3.86,5,0,0,0,0,0,4.2,4,2,2,0,6,0,5,0,0,0,23,104,4.86,2.143,7.7,0.0,11.6,9.6,0.83,
Ezequiel Durán,26,,0.1,0,0,,0.00,4,0,4,0,0,0,3.1,1,0,0,0,0,0,0,0,0,0,11,,3.14,0.300,2.7,0.0,0.0,0.0,,
Rowdy Tellez*,30,,-0.1,0,0,,13.50,1,0,1,0,0,0,2.0,5,3,3,1,0,0,0,1,0,0,11,33,11.14,2.500,22.5,4.5,0.0,0.0,,
Tucker Barnhart,34,,-0.1,0,0,,13.50,1,0,1,0,0,0,2.0,5,3,3,0,0,0,0,1,0,0,11,33,4.64,2.500,22.5,0.0,0.0,0.0,,
Codi Heuer,28,,0.0,0,0,,6.75,1,0,1,0,0,0,1.1,1,1,1,1,0,0,1,0,0,0,5,72,11.39,0.750,6.8,6.8,0.0,6.8,,
Kevin Gausman,34,SP,3.6,9,10,.474,3.63,28,28,0,0,0,0,168.2,130,70,68,21,44,2,162,3,1,1,674,119,3.68,1.032,6.9,1.1,2.3,8.6,3.68,
Chris Bassitt,36,SP,2.3,11,8,.579,3.97,30,29,0,1,0,0,161.0,164,76,71,22,49,0,157,12,3,4,696,109,4.11,1.323,9.2,1.2,2.7,8.8,3.20,
José Berríos,31,SP,1.8,9,5,.643,4.02,28,28,0,0,0,0,154.2,149,78,69,23,51,2,131,7,1,1,649,108,4.51,1.293,8.7,1.3,3.0,7.6,2.57,
Eric Lauer*,30,SP,2.1,8,2,.800,3.32,22,15,1,0,0,0,95.0,85,37,35,14,25,1,93,2,0,0,391,131,3.95,1.158,8.1,1.3,2.4,8.8,3.72,
Max Scherzer,40,SP,1.1,5,3,.625,4.36,14,14,0,0,0,0,74.1,66,36,36,16,20,0,70,2,0,1,302,99,4.95,1.157,8.0,1.9,2.4,8.5,3.50,
Bowden Francis,29,SP,-0.7,2,8,.200,6.05,14,14,0,0,0,0,64.0,71,46,43,19,27,0,54,6,0,3,288,72,6.86,1.531,10.0,2.7,3.8,7.6,2.00,
Jeff Hoffman,32,CL,0.3,9,6,.600,4.70,64,0,53,0,0,30,61.1,50,33,32,14,21,1,78,3,0,2,256,92,4.74,1.158,7.3,2.1,3.1,11.4,3.71,
Yariel Rodríguez,28,RP,1.4,2,1,.667,3.09,60,1,16,0,0,2,67.0,44,24,23,7,29,2,61,6,1,2,269,140,4.25,1.090,5.9,0.9,3.9,8.2,2.10,
Brendon Little*,28,RP,1.1,4,2,.667,3.12,69,0,4,0,0,1,60.2,43,26,21,2,40,4,86,2,1,5,264,139,2.81,1.368,6.4,0.3,5.9,12.8,2.15,
Mason Fluharty*,23,RP,-0.1,4,2,.667,4.94,51,0,7,0,0,1,47.1,36,28,26,6,24,4,48,1,0,1,198,88,4.35,1.268,6.8,1.1,4.6,9.1,2.00,
Chad Green,34,RP,-0.5,3,2,.600,5.56,45,0,14,0,0,1,43.2,51,28,27,14,13,2,35,2,0,0,190,78,6.74,1.466,10.5,2.9,2.7,7.2,2.69,
Braydon Fisher,24,,1.0,4,0,1.000,2.88,43,1,10,0,0,0,40.2,27,13,13,3,13,1,53,3,0,0,165,151,2.68,0.984,6.0,0.7,2.9,11.7,4.08,
Paxton Schultz,27,,-0.1,0,0,,4.38,13,2,4,0,0,0,24.2,27,16,12,4,8,0,28,1,0,0,110,100,4.08,1.419,9.9,1.5,2.9,10.2,3.50,
Easton Lucas*,28,,-0.3,3,3,.500,6.66,6,5,0,0,0,0,24.1,25,18,18,5,12,0,23,0,0,1,108,66,5.40,1.521,9.2,1.8,4.4,8.5,1.92,
Tommy Nance,34,,0.6,2,0,1.000,1.50,22,0,6,0,0,0,24.0,17,8,4,0,5,0,25,1,0,1,95,292,1.81,0.917,6.4,0.0,1.9,9.4,5.00,
Shane Bieber,30,,0.3,2,1,.667,4.30,4,4,0,0,0,0,23.0,21,11,11,3,3,0,25,1,0,0,91,102,3.19,1.043,8.2,1.2,1.2,9.8,8.33,
Yimi García,34,,0.1,1,2,.333,3.86,22,0,4,0,0,3,21.0,13,10,9,2,12,1,25,1,0,2,90,114,3.86,1.190,5.6,0.9,5.1,10.7,2.08,
Nick Sandlin,28,,0.4,0,2,.000,2.20,19,0,4,0,0,1,16.1,11,7,4,2,8,0,16,2,0,1,69,200,4.61,1.163,6.1,1.1,4.4,8.8,2.00,
Louis Varland,27,,-0.4,1,0,1.000,7.36,16,0,1,0,0,0,14.2,21,12,12,2,6,0,17,0,0,0,67,60,3.83,1.841,12.9,1.2,3.7,10.4,2.83,
Seranthony Domínguez,30,,-0.2,1,1,.500,3.68,17,0,2,0,0,0,14.2,9,10,6,1,10,1,17,2,0,3,63,120,4.17,1.295,5.5,0.6,6.1,10.4,1.70,
Justin Bruihl*,28,,-0.3,0,0,,5.68,14,0,1,0,0,0,12.2,19,10,8,2,7,3,16,1,0,0,62,78,4.57,2.053,13.5,1.4,5.0,11.4,2.29,
José Ureña,33,,0.1,0,0,,3.65,6,2,4,0,0,0,12.1,12,5,5,3,3,0,5,0,0,0,52,122,6.23,1.216,8.8,2.2,2.2,3.6,1.67,
Jacob Barnes,35,,-0.4,0,1,.000,9.00,6,0,2,0,0,0,8.0,10,9,8,1,3,0,5,0,0,0,36,50,4.64,1.625,11.3,1.1,3.4,5.6,1.67,
Lázaro Estrada,26,,-0.3,0,0,,8.59,2,0,0,0,0,0,7.1,10,7,7,2,1,0,10,2,0,0,35,53,5.19,1.500,12.3,2.5,1.2,12.3,10.00,
Spencer Turnbull,32,,-0.1,1,1,.500,7.11,3,1,1,0,0,0,6.1,12,5,5,1,4,0,4,0,0,0,33,64,5.83,2.526,17.1,1.4,5.7,5.7,1.00,
Dillon Tate,31,,0.0,0,0,,4.26,6,0,1,0,0,0,6.1,8,3,3,1,6,0,8,1,0,0,34,107,5.99,2.211,11.4,1.4,8.5,11.4,1.33,
Erik Swanson,31,,-0.4,1,0,1.000,15.19,6,0,2,0,0,0,5.1,8,9,9,2,5,0,3,1,0,1,30,30,10.27,2.438,13.5,3.4,8.4,5.1,0.60,
Josh Walker*,30,,-0.1,0,0,,7.20,3,0,1,0,0,0,5.0,8,4,4,0,2,0,8,1,0,0,25,64,1.74,2.000,14.4,0.0,3.6,14.4,4.00,
Casey Lawrence,37,,-0.1,0,0,,10.13,1,0,1,0,0,0,2.2,6,3,3,0,0,0,1,1,0,0,15,48,3.52,2.250,20.3,0.0,0.0,3.4,,
Tyler Heineman,34,,0.0,0,0,,9.00,2,0,2,0,0,0,2.0,2,2,2,0,0,0,0,2,0,0,10,56,6.14,1.000,9.0,0.0,0.0,0.0,,
Ryan Burr,31,,0.1,1,0,1.000,0.00,2,0,0,0,0,0,2.0,1,0,0,0,1,0,3,0,0,0,8,,1.64,1.000,4.5,0.0,4.5,13.5,3.00,
Ryan Borucki*,31,,0.1,0,0,,0.00,2,0,0,0,0,0,2.0,1,0,0,0,1,0,3,0,0,0,8,,1.64,1.000,4.5,0.0,4.5,13.5,3.00,
Richard Lovelady*,29,,-0.2,0,1,.000,21.60,2,0,0,0,0,0,1.2,2,4,4,0,2,0,3,3,0,0,12,24,8.54,2.400,10.8,0.0,10.8,16.2,1.50,
Robinson Piña,26,,-0.1,0,0,,6.75,1,0,0,0,0,0,1.1,4,3,1,0,1,0,1,0,0,0,10,81,3.89,3.750,27.0,0.0,6.8,6.8,1.00,
Ali Sánchez,28,,-0.1,0,0,,18.00,1,0,1,0,0,0,1.0,3,2,2,0,0,0,1,0,0,0,6,33,1.14,3.000,27.0,0.0,0.0,9.0,,
Michael Stefanic,29,,0.0,0,0,,0.00,1,0,1,0,0,0,1.0,0,0,0,0,0,0,0,0,0,0,3,,3.14,0.000,0.0,0.0,0.0,0.0,,
Jake Irvin,28,SP,-0.2,8,11,.421,5.71,29,29,0,0,0,0,157.2,170,105,100,33,57,0,104,6,0,3,693,73,5.74,1.440,9.7,1.9,3.3,5.9,1.82,
Mitchell Parker*,25,SP,-1.2,8,15,.348,5.69,29,29,0,0,0,0,153.1,165,109,97,24,56,0,100,4,0,2,678,73,5.05,1.441,9.7,1.4,3.3,5.9,1.79,
MacKenzie Gore*,26,SP,2.8,5,13,.278,4.15,27,27,0,0,0,0,147.1,142,69,68,19,55,0,173,5,0,12,625,100,3.69,1.337,8.7,1.2,3.4,10.6,3.15,AS
Trevor Williams,33,SP,-0.6,3,10,.231,6.21,17,17,0,0,0,0,82.2,106,59,57,11,21,0,65,2,0,1,373,67,4.14,1.536,11.5,1.2,2.3,7.1,3.10,
Michael Soroka,27,SP,0.7,3,8,.273,4.87,16,16,0,0,0,0,81.1,68,44,44,11,24,0,87,14,1,2,343,85,4.16,1.131,7.5,1.2,2.7,9.6,3.63,
Kyle Finnegan,33,CL,0.2,1,4,.200,4.38,40,0,34,0,0,20,39.0,36,21,19,3,14,2,32,1,0,5,163,95,3.66,1.282,8.3,0.7,3.2,7.4,2.29,
Brad Lord,25,RP,1.5,5,8,.385,4.20,44,15,2,0,0,0,109.1,104,53,51,11,39,0,92,3,0,1,457,99,3.92,1.308,8.6,0.9,3.2,7.6,2.36,
Jose A. Ferrer*,25,RP,0.7,4,3,.571,3.89,66,0,14,0,0,8,69.1,67,32,30,3,14,0,60,5,0,4,285,107,2.80,1.168,8.7,0.4,1.8,7.8,4.29,
Jackson Rutledge,26,RP,-0.2,3,2,.600,5.37,55,0,17,0,0,0,65.1,75,41,39,14,21,0,61,6,0,5,291,77,5.30,1.469,10.3,1.9,2.9,8.4,2.90,
Cole Henry,25,RP,0.4,1,1,.500,4.03,55,0,13,0,0,2,51.1,43,25,23,7,28,1,51,11,1,2,234,103,5.21,1.383,7.5,1.2,4.9,8.9,1.82,
Cade Cavalli,26,,0.2,3,1,.750,4.67,7,7,0,0,0,0,34.2,42,19,18,6,9,0,29,3,0,2,156,89,4.76,1.471,10.9,1.6,2.3,7.5,3.22,
Eduardo Salazar,27,,-0.8,0,1,.000,8.38,30,0,9,0,0,0,29.0,47,29,27,7,16,0,23,1,1,3,150,50,6.45,2.172,14.6,2.2,5.0,7.1,1.44,
Shinnosuke Ogasawara*,27,,-0.4,1,1,.500,6.83,16,2,3,0,0,0,29.0,29,22,22,8,13,0,24,2,0,1,127,61,6.63,1.448,9.0,2.5,4.0,7.4,1.85,
Jorge López,32,,-0.5,6,0,1.000,6.57,26,0,5,0,0,1,24.2,25,18,18,1,7,0,17,3,0,3,106,64,3.51,1.297,9.1,0.4,2.6,6.2,2.43,
Zach Brzykcy,25,,-0.6,0,1,.000,9.00,26,0,11,0,0,0,23.0,28,23,23,6,12,0,24,2,0,2,110,47,6.27,1.739,11.0,2.3,4.7,9.4,2.00,
Orlando Ribalta,27,,0.0,0,0,,5.48,18,0,6,0,0,0,21.1,20,13,13,4,15,0,21,1,1,0,101,77,5.86,1.641,8.4,1.7,6.3,8.9,1.40,
Konnor Pilkington*,27,,0.0,2,0,1.000,4.43,22,0,3,0,0,0,20.1,14,11,10,6,12,0,24,2,0,1,87,95,6.68,1.279,6.2,2.7,5.3,10.6,2.00,
Andrew Chafin*,35,,0.3,1,1,.500,2.70,26,0,6,0,0,0,20.0,20,8,6,1,12,0,18,0,0,5,88,156,3.79,1.600,9.0,0.5,5.4,8.1,1.50,
PJ Poulin*,28,,0.6,1,1,.500,1.53,18,0,4,0,0,0,17.2,13,3,3,1,8,0,19,1,0,0,74,276,3.26,1.189,6.6,0.5,4.1,9.7,2.38,
Clayton Beeter,26,,0.4,0,1,.000,2.40,16,0,3,0,0,0,15.0,4,4,4,1,9,0,19,0,0,0,56,176,3.28,0.867,2.4,0.6,5.4,11.4,2.11,
Andry Lara,22,,-0.4,0,0,,8.79,9,0,6,0,0,0,14.1,27,15,14,2,8,0,10,1,0,0,78,48,5.45,2.442,17.0,1.3,5.0,6.3,1.25,
Lucas Sims,31,,-0.9,1,0,1.000,13.86,18,0,2,0,0,0,12.1,14,19,19,2,14,0,13,7,0,3,72,31,8.25,2.270,10.2,1.5,10.2,9.5,0.93,
Luis García,38,,0.4,0,0,,0.90,10,0,1,0,0,0,10.0,5,1,1,1,2,0,7,0,0,1,33,476,3.64,0.700,4.5,0.9,1.8,6.3,3.50,
Andrew Alvarez*,26,,0.5,1,0,1.000,1.86,2,2,0,0,0,0,9.2,4,2,2,1,5,0,6,0,0,0,39,230,4.80,0.931,3.7,0.9,4.7,5.6,1.20,
Ryan Loutos,26,,-0.8,1,0,1.000,12.00,10,0,3,0,0,0,9.0,16,16,12,3,6,0,6,1,0,0,52,36,8.48,2.444,16.0,3.0,6.0,6.0,1.00,
Colin Poche*,31,,-0.6,1,2,.333,11.42,13,0,0,0,0,0,8.2,10,12,11,1,12,0,10,0,0,1,46,38,6.49,2.538,10.4,1.0,12.5,10.4,0.83,
Mason Thompson,27,,-0.3,1,0,1.000,9.00,9,0,1,0,0,0,7.0,9,8,7,1,7,1,6,0,0,0,37,48,6.29,2.286,11.6,1.3,9.0,7.7,0.86,
Amed Rosario,29,,-0.1,0,0,,36.00,1,0,1,0,0,0,1.0,5,4,4,1,2,0,0,0,0,0,10,16,22.14,7.000,45.0,9.0,18.0,0.0,0.00,
